0.33202394695708143,0.42029115786585164,0.43779772666530414,0.43779777660137636,0.4503786383248144,0.5751733623152164,0.6141003364972693,0.6370126346496512,0.6387813699348333,0.6402550290342767,0.76179324443902
0.33202394695708143,0.36999820724273935,0.43779777660137636,0.4503786383248144,0.48488694570014546,0.5751733623152164,0.6141003364972693,0.6370126346496512,0.6387813699348333,0.6402550290342767,0.76179324443902
0.33202394695708143,0.36999820724273935,0.43779777660137636,0.48488694570014546,0.527816340374513,0.547397010223534,0.5751733623152164,0.6141003364972693,0.6370126346496512,0.6402550290342767,0.76179324443902
0.33202394695708143,0.36999820724273935,0.43779777660137636,0.48488694570014546,0.527816340374513,0.547397010223534,0.5549273889334089,0.6330209084354722,0.6370126346496512,0.6402550290342767,0.76179324443902
0.33202394695708143,0.36999820724273935,0.43779777660137636,0.48488694570014546,0.527816340374513,0.547397010223534,0.5822789908745485,0.6090103504254946,0.6370126346496512,0.6402550290342767,0.76179324443902
0.33202394695708143,0.36999820724273935,0.43779777660137636,0.47334297186348245,0.48488694570014546,0.5822789908745485,0.6047201294628685,0.6090103504254946,0.6370126346496512,0.6402550290342767,0.76179324443902
0.33202394695708143,0.43779777660137636,0.47334297186348245,0.5822789908745485,0.6047201294628685,0.6090103504254946,0.6370126346496512,0.6402550290342767,0.76179324443902,nan,nan
0.33202394695708143,0.43779777660137636,0.45559779539833145,0.5822789908745485,0.6090103504254946,0.6135759364226027,0.6370126346496512,0.6402550290342767,0.76179324443902,nan,nan
0.33202394695708143,0.43779777660137636,0.5085596313250031,0.5664526340266891,0.5822789908745485,0.6090103504254946,0.6370126346496512,0.6402550290342767,0.76179324443902,nan,nan
0.33202394695708143,0.43779777660137636,0.5085596313250031,0.5664526340266891,0.592856930442799,0.5963942520025476,0.6370126346496512,0.6402550290342767,0.76179324443902,nan,nan
0.33202394695708143,0.43779777660137636,0.5085596313250031,0.5664526340266891,0.592856930442799,0.5963942520025476,0.6388300723411858,0.6402550290342767,0.7614976483399365,nan,nan
0.33202394695708143,0.43779777660137636,0.5085596313250031,0.5664526340266891,0.592856930442799,0.5963942520025476,0.6402550290342767,0.6426425855513308,0.7575986873853875,nan,nan
0.33202394695708143,0.43779777660137636,0.4978585241810783,0.575154449579508,0.592856930442799,0.5963942520025476,0.6402550290342767,0.6426425855513308,0.7575986873853875,nan,nan
0.33202394695708143,0.43270208936536503,0.4978585241810783,0.575154449579508,0.592856930442799,0.5963942520025476,0.6402550290342767,0.6482620714441382,0.7575986873853875,nan,nan
0.33202394695708143,0.43270208936536503,0.4922695178875352,0.4978585241810783,0.592856930442799,0.5963942520025476,0.6402550290342767,0.6482620714441382,0.7575986873853875,nan,nan
0.33202394695708143,0.43270208936536503,0.49126439166061614,0.4978585241810783,0.592856930442799,0.59933884453861,0.6402550290342767,0.6482620714441382,0.7575986873853875,nan,nan
0.33202394695708143,0.43270208936536503,0.49126439166061614,0.504067895106419,0.5898566856182194,0.592856930442799,0.6402550290342767,0.6482620714441382,0.7575986873853875,nan,nan
0.33202394695708143,0.43270208936536503,0.49126439166061614,0.504067895106419,0.5613562596061423,0.623086703265294,0.6402550290342767,0.6482620714441382,0.7575986873853875,nan,nan
0.33202394695708143,0.36649515041177455,0.43270208936536503,0.504067895106419,0.5613562596061423,0.623086703265294,0.6402550290342767,0.6482620714441382,0.7575986873853875,nan,nan
0.33202394695708143,0.36649515041177455,0.43270208936536503,0.504067895106419,0.5613562596061423,0.623086703265294,0.6402550290342767,0.6482620714441382,0.7575986873853875,nan,nan
0.33202394695708143,0.4105169607189658,0.43270208936536503,0.504067895106419,0.5613562596061423,0.623086703265294,0.6402550290342767,0.6482620714441382,0.7575986873853875,nan,nan
0.33202394695708143,0.4105169607189658,0.43270208936536503,0.504067895106419,0.5698522458356207,0.6143821339950373,0.6402550290342767,0.6482620714441382,0.7575986873853875,nan,nan
0.33202394695708143,0.4105169607189658,0.43270208936536503,0.504067895106419,0.5585697476794352,0.6256522314276336,0.6402550290342767,0.6482620714441382,0.7575986873853875,nan,nan
0.6256522314276336,nan,0.33202394695708143,0.43270208936536503,0.504067895106419,0.5585697476794352,0.6402550290342767,0.6482620714441382,0.7575986873853875,nan,nan
0.6256522314276336,nan,0.33202394695708143,0.4725563504629898,0.504067895106419,0.5585697476794352,0.6402550290342767,0.6482620714441382,0.7575986873853875,nan,nan
0.6256522314276336,nan,0.33202394695708143,0.4725563504629898,0.504067895106419,0.5585697476794352,0.7575986873853875,nan,nan,0.6482620714441382,nan
0.6256522314276336,nan,0.33202394695708143,0.47585557901223774,0.504067895106419,0.5585697476794352,0.7575986873853875,nan,nan,0.6482620714441382,nan
0.5065474928283649,nan,0.33202394695708143,0.47585557901223774,0.5585697476794352,0.7575986873853875,nan,nan,0.6238772418027511,0.6482620714441382,nan
0.5038002864677883,nan,0.33202394695708143,0.47585557901223774,0.5585697476794352,0.7575986873853875,nan,nan,0.6277041865826634,0.6482620714441382,nan
0.619631155248902,nan,0.33202394695708143,0.47585557901223774,0.5585697476794352,0.7575986873853875,nan,nan,0.6277041865826634,0.6482620714441382,nan
0.619631155248902,nan,0.33202394695708143,0.47585557901223774,0.5585697476794352,0.6488770481123896,nan,nan,0.6277041865826634,0.6482620714441382,nan
0.619631155248902,nan,0.33202394695708143,0.493830344884969,0.5585697476794352,0.6488770481123896,nan,nan,0.6277041865826634,0.6482620714441382,nan
0.619631155248902,nan,0.33202394695708143,0.49311287997903563,0.5585697476794352,0.6488770481123896,nan,nan,0.6312054222726536,0.6482620714441382,nan
0.619631155248902,nan,0.33202394695708143,0.46875162304585277,0.5585697476794352,0.6488770481123896,nan,nan,0.6312054222726536,0.6482620714441382,nan
0.619631155248902,nan,0.33202394695708143,0.47829702907259,0.5585697476794352,0.6488770481123896,nan,nan,0.6312054222726536,0.6482620714441382,nan
0.619631155248902,nan,0.33202394695708143,0.47829702907259,0.5578976087143239,0.6263052706959416,0.6488770481123896,nan,nan,0.6482620714441382,nan
0.619631155248902,nan,0.39372610358011817,0.47829702907259,0.5578976087143239,0.6263052706959416,0.6488770481123896,nan,nan,0.6482620714441382,nan
0.6037345645613149,nan,0.39372610358011817,0.47829702907259,0.5578976087143239,0.6263052706959416,0.6488770481123896,nan,nan,0.6482620714441382,nan
0.6037345645613149,nan,0.39372610358011817,0.5578976087143239,0.6263052706959416,0.6488770481123896,nan,nan,nan,0.6482620714441382,nan
0.6037345645613149,nan,0.39372610358011817,0.5578976087143239,0.5955183997216287,0.6488770481123896,nan,nan,nan,0.6482620714441382,nan
0.4352398228441054,nan,0.39372610358011817,0.5578976087143239,0.5955183997216287,0.6488770481123896,nan,nan,nan,0.6482620714441382,nan
0.4352398228441054,nan,0.39372610358011817,0.5578976087143239,0.5955183997216287,0.6472874276907958,nan,nan,nan,0.6482620714441382,nan
0.4352398228441054,nan,0.3704138279666637,0.5578976087143239,0.5955183997216287,0.6472874276907958,nan,nan,nan,0.6482620714441382,nan
0.4352398228441054,nan,0.3704138279666637,0.5578976087143239,0.5955183997216287,0.644356579086368,nan,nan,nan,0.6519695044472681,nan
0.4433587865118241,nan,0.3704138279666637,0.5578976087143239,0.5955183997216287,0.644356579086368,nan,nan,nan,0.6519695044472681,nan
0.4433587865118241,nan,0.3704138279666637,0.49556502970629285,0.5578976087143239,0.644356579086368,nan,nan,nan,0.6519695044472681,nan
0.4433587865118241,nan,0.3704138279666637,0.49556502970629285,0.5578976087143239,0.6377417271380267,nan,nan,nan,0.6519695044472681,nan
0.6395387644136121,nan,0.3704138279666637,0.4383217467676322,0.49556502970629285,nan,nan,nan,0.5578976087143239,0.6519695044472681,nan
0.6395387644136121,nan,0.3704138279666637,0.4383217467676322,0.49556502970629285,nan,nan,nan,0.5525292561454381,0.6519695044472681,nan
0.7587343342475581,nan,0.3704138279666637,0.4383217467676322,0.49556502970629285,nan,nan,nan,0.5525292561454381,0.6519695044472681,nan
0.7587343342475581,nan,0.3704138279666637,0.4383217467676322,0.5525292561454381,0.6005913810513541,nan,nan,nan,0.6519695044472681,nan
0.7587343342475581,nan,0.6005913810513541,nan,0.4383217467676322,nan,nan,nan,0.5525292561454381,0.6519695044472681,nan
0.7587343342475581,nan,0.585230736371848,nan,0.4383217467676322,nan,nan,nan,0.5681848697586988,0.6519695044472681,nan
0.7587343342475581,nan,0.585230736371848,nan,0.4383217467676322,nan,nan,nan,0.5681848697586988,0.6519695044472681,nan
0.7587343342475581,nan,0.5392900437582525,nan,0.4383217467676322,nan,nan,nan,0.616642696289007,0.6519695044472681,nan
0.7587343342475581,nan,0.5392900437582525,nan,0.4383217467676322,nan,nan,nan,0.616642696289007,0.6519695044472681,nan
0.7587343342475581,nan,0.5392900437582525,nan,0.4386704716844239,nan,nan,nan,0.616642696289007,0.6519695044472681,nan
0.6523176323652075,nan,0.5392900437582525,nan,0.4386704716844239,nan,nan,nan,0.616642696289007,0.7609767667841143,nan
0.6523176323652075,nan,0.5392900437582525,nan,0.4386704716844239,nan,nan,nan,0.616642696289007,0.7404075242222777,nan
0.6523176323652075,nan,0.5392900437582525,nan,0.47019276972826957,nan,nan,nan,0.616642696289007,0.7404075242222777,nan
0.7045299629620505,nan,0.5392900437582525,nan,0.47019276972826957,nan,nan,nan,0.616642696289007,0.7404075242222777,nan
0.7045299629620505,nan,0.5392900437582525,nan,0.47019276972826957,nan,nan,nan,0.5011528198751327,0.7404075242222777,nan
0.7045299629620505,nan,0.5392900437582525,nan,0.4308163147801207,nan,nan,nan,0.5011528198751327,0.7404075242222777,nan
0.7041669857983062,nan,0.5392900437582525,nan,0.4308163147801207,nan,nan,nan,0.5011528198751327,0.7404075242222777,nan
0.6103569396372847,nan,0.5392900437582525,nan,0.4308163147801207,nan,nan,nan,0.5011528198751327,0.7404075242222777,nan
0.6103569396372847,nan,0.4980811043499832,nan,0.4308163147801207,nan,nan,nan,0.5438364710631582,0.7404075242222777,nan
0.6103569396372847,nan,0.4980811043499832,nan,0.43117854706450626,nan,nan,nan,0.5438364710631582,0.7404075242222777,nan
0.6119810555958527,nan,0.4980811043499832,nan,0.43117854706450626,nan,nan,nan,0.5438364710631582,0.7404075242222777,nan
0.6119810555958527,nan,0.4980811043499832,nan,0.43117854706450626,nan,nan,nan,0.5438364710631582,0.7404075242222777,nan
0.6119810555958527,nan,0.5521066000080636,nan,0.43117854706450626,nan,nan,nan,0.5438364710631582,0.7404075242222777,nan
0.6119810555958527,nan,0.5521066000080636,nan,0.43117854706450626,nan,nan,nan,0.5438364710631582,0.7404075242222777,nan
0.6119810555958527,nan,0.5521066000080636,nan,0.43117854706450626,nan,nan,nan,0.5438364710631582,0.7435442785996291,nan
0.6119810555958527,nan,0.5521066000080636,nan,0.43117854706450626,nan,nan,nan,0.5438364710631582,0.7435442785996291,nan
0.6119810555958527,nan,0.5521066000080636,nan,nan,nan,nan,nan,0.5438364710631582,0.7435442785996291,nan
0.38851078091833313,nan,0.5521066000080636,nan,nan,nan,nan,nan,0.5438364710631582,0.7435442785996291,nan
0.38851078091833313,nan,0.5521066000080636,nan,nan,nan,nan,nan,0.5983113635249172,0.7435442785996291,nan
0.38851078091833313,nan,0.5521066000080636,nan,nan,nan,nan,nan,0.5582489873696508,0.7435442785996291,nan
0.3886138948316631,nan,0.5521066000080636,nan,nan,nan,nan,nan,0.5582489873696508,0.7435442785996291,nan
nan,nan,0.5521066000080636,nan,nan,nan,nan,nan,0.5582489873696508,0.7435442785996291,nan
nan,nan,0.5521066000080636,nan,nan,nan,nan,nan,0.5582489873696508,0.7435442785996291,nan
nan,nan,0.5052306368667019,nan,nan,nan,nan,nan,0.5582489873696508,0.7435442785996291,nan
nan,nan,0.5052306368667019,nan,nan,nan,nan,nan,0.5582489873696508,0.7435442785996291,nan
nan,nan,0.5052306368667019,nan,nan,nan,nan,nan,0.5582489873696508,0.7435442785996291,nan
nan,nan,0.5052306368667019,nan,nan,nan,nan,nan,0.5582489873696508,0.7435442785996291,nan
nan,nan,0.5052306368667019,nan,nan,nan,nan,nan,0.5582489873696508,0.7435442785996291,nan
nan,nan,0.5052306368667019,nan,nan,nan,nan,nan,0.5582489873696508,0.7435442785996291,nan
nan,nan,0.49300862810613605,nan,nan,nan,nan,nan,0.5582489873696508,0.7435442785996291,nan
nan,nan,0.49300862810613605,nan,nan,nan,nan,nan,0.5619771938131313,0.7435442785996291,nan
nan,nan,0.49300862810613605,nan,nan,nan,nan,nan,0.5619771938131313,0.7435442785996291,nan
nan,nan,0.49300862810613605,nan,nan,nan,nan,nan,0.5619771938131313,0.7435442785996291,nan
nan,nan,0.49300862810613605,nan,nan,nan,nan,nan,0.5619771938131313,0.6289219494072749,nan
nan,nan,0.49300862810613605,nan,nan,nan,nan,nan,0.6289219494072749,0.6589243464712332,nan
nan,nan,0.49300862810613605,nan,nan,nan,nan,nan,0.6289219494072749,0.6589243464712332,nan
nan,nan,0.49300862810613605,nan,nan,nan,nan,nan,0.6289219494072749,0.6589243464712332,nan
nan,nan,0.49300862810613605,nan,nan,nan,nan,nan,0.6289219494072749,0.6589243464712332,nan
nan,nan,0.49300862810613605,nan,nan,nan,nan,nan,0.6105500995138504,0.6589243464712332,nan
nan,nan,0.49300862810613605,nan,nan,nan,nan,nan,0.6105500995138504,0.6589243464712332,nan
nan,nan,0.49300862810613605,nan,nan,nan,nan,nan,0.6105500995138504,0.6589243464712332,nan
nan,nan,0.49300862810613605,nan,nan,nan,nan,nan,0.5837566447184016,0.6105500995138504,nan
nan,nan,0.49300862810613605,nan,nan,nan,nan,nan,0.5837566447184016,0.6105500995138504,nan
nan,nan,0.49300862810613605,nan,nan,nan,nan,nan,0.5837566447184016,0.745227273578861,nan
nan,nan,0.49300862810613605,nan,nan,nan,nan,nan,0.5837566447184016,0.745227273578861,nan
nan,nan,0.5703460675429841,nan,nan,nan,nan,nan,0.5837566447184016,0.745227273578861,nan
nan,nan,0.5703460675429841,nan,nan,nan,nan,nan,0.5837566447184016,0.745227273578861,nan
nan,nan,nan,nan,nan,nan,nan,nan,0.5837566447184016,0.745227273578861,nan
nan,nan,nan,nan,nan,nan,nan,nan,0.5837566447184016,0.745227273578861,nan
nan,nan,nan,nan,nan,nan,nan,nan,0.5837566447184016,0.745227273578861,nan
nan,nan,nan,nan,nan,nan,nan,nan,0.5837566447184016,0.745227273578861,nan
nan,nan,nan,nan,nan,nan,nan,nan,0.5837566447184016,0.745227273578861,nan
nan,nan,nan,nan,nan,nan,nan,nan,0.5837566447184016,0.6092784115413562,nan
nan,nan,nan,nan,nan,nan,nan,nan,0.5837566447184016,0.6092784115413562,nan
nan,nan,nan,nan,nan,nan,nan,nan,0.5837566447184016,0.6092784115413562,nan
nan,nan,nan,nan,nan,nan,nan,nan,0.5837566447184016,0.6092784115413562,nan
nan,nan,nan,nan,nan,nan,nan,nan,0.5837566447184016,0.6092784115413562,nan
nan,nan,nan,nan,nan,nan,nan,nan,0.5837566447184016,0.6092784115413562,nan
nan,nan,nan,nan,nan,nan,nan,nan,0.549330315034899,0.6092784115413562,nan
nan,nan,nan,nan,nan,nan,nan,nan,0.549330315034899,0.6686353962017026,nan
nan,nan,nan,nan,nan,nan,nan,nan,0.549330315034899,0.6686353962017026,nan
nan,nan,nan,nan,nan,nan,nan,nan,0.549330315034899,0.6686353962017026,nan
nan,nan,nan,nan,nan,nan,nan,nan,0.549330315034899,0.6686353962017026,nan
nan,nan,nan,nan,nan,nan,nan,nan,0.549330315034899,0.6628681758181137,nan
nan,nan,nan,nan,nan,nan,nan,nan,0.549330315034899,0.6628681758181137,nan
nan,nan,nan,nan,nan,nan,nan,nan,0.549330315034899,0.6628681758181137,nan
nan,nan,nan,nan,nan,nan,nan,nan,0.549330315034899,0.6628681758181137,nan
nan,nan,nan,nan,nan,nan,nan,nan,0.549330315034899,0.6628681758181137,nan
nan,nan,nan,nan,nan,nan,nan,nan,0.549330315034899,0.6628681758181137,nan
nan,nan,nan,nan,nan,nan,nan,nan,0.549330315034899,0.6628681758181137,nan
nan,nan,nan,nan,nan,nan,nan,nan,0.549330315034899,0.6628681758181137,nan
nan,nan,nan,nan,nan,nan,nan,nan,0.549330315034899,0.6628681758181137,nan
nan,nan,nan,nan,nan,nan,nan,nan,0.549330315034899,0.6628681758181137,nan
nan,nan,nan,nan,nan,nan,nan,nan,0.549330315034899,0.7453138542018881,nan
nan,nan,nan,nan,nan,nan,nan,nan,0.549330315034899,0.7453138542018881,nan
nan,nan,nan,nan,nan,nan,nan,nan,0.549330315034899,0.7453138542018881,nan
nan,nan,nan,nan,nan,nan,nan,nan,0.549330315034899,0.7453138542018881,nan
nan,nan,nan,nan,nan,nan,nan,nan,0.549330315034899,0.7453138542018881,nan
nan,nan,nan,nan,nan,nan,nan,nan,0.549330315034899,0.7453138542018881,nan
nan,nan,nan,nan,nan,nan,nan,nan,0.549330315034899,0.7453138542018881,nan
nan,nan,nan,nan,nan,nan,nan,nan,0.549330315034899,0.7453138542018881,nan
nan,nan,nan,nan,nan,nan,nan,nan,0.549330315034899,0.7453138542018881,nan
nan,nan,nan,nan,nan,nan,nan,nan,0.549330315034899,0.7580797299309934,nan
nan,nan,nan,nan,nan,nan,nan,nan,0.549330315034899,0.7580797299309934,nan
nan,nan,nan,nan,nan,nan,nan,nan,0.549330315034899,0.7580797299309934,nan
nan,nan,nan,nan,nan,nan,nan,nan,0.549330315034899,0.7580797299309934,nan
nan,nan,nan,nan,nan,nan,nan,nan,0.549330315034899,0.7580797299309934,nan
nan,nan,nan,nan,nan,nan,nan,nan,0.549330315034899,0.7586148609713184,nan
nan,nan,nan,nan,nan,nan,nan,nan,0.549330315034899,0.7586148609713184,nan
nan,nan,nan,nan,nan,nan,nan,nan,0.549330315034899,0.7586148609713184,nan
nan,nan,nan,nan,nan,nan,nan,nan,0.549330315034899,0.7586148609713184,nan
nan,nan,nan,nan,nan,nan,nan,nan,0.549330315034899,0.7586148609713184,nan
nan,nan,nan,nan,nan,nan,nan,nan,0.549330315034899,0.7586148609713184,nan
nan,nan,nan,nan,nan,nan,nan,nan,0.549330315034899,0.6477796737373096,nan
nan,nan,nan,nan,nan,nan,nan,nan,0.549330315034899,0.6477796737373096,nan
nan,nan,nan,nan,nan,nan,nan,nan,0.549330315034899,0.6477796737373096,nan
nan,nan,nan,nan,nan,nan,nan,nan,0.549330315034899,0.6477796737373096,nan
nan,nan,nan,nan,nan,nan,nan,nan,0.6477796737373096,0.6687268598509157,nan
nan,nan,nan,nan,nan,nan,nan,nan,0.6687268598509157,0.6779728078511996,nan
nan,nan,nan,nan,nan,nan,nan,nan,0.6687268598509157,0.6778853196020327,nan
nan,nan,nan,nan,nan,nan,nan,nan,0.6687268598509157,0.7544532045720321,nan
nan,nan,nan,nan,nan,nan,nan,nan,0.6215686956694616,0.7544532045720321,nan
nan,nan,nan,nan,nan,nan,nan,nan,0.6215686956694616,0.69492758367341,nan
nan,nan,nan,nan,nan,nan,nan,nan,0.6215686956694616,0.7550312310940699,nan
nan,nan,nan,nan,nan,nan,nan,nan,0.6215686956694616,0.7550312310940699,nan
nan,nan,nan,nan,nan,nan,nan,nan,0.6215686956694616,0.7550312310940699,nan
nan,nan,nan,nan,nan,nan,nan,nan,0.6370640056208207,0.7550312310940699,nan
nan,nan,nan,nan,nan,nan,nan,nan,0.6370640056208207,0.7550312310940699,nan
nan,nan,nan,nan,nan,nan,nan,nan,0.6370640056208207,0.7550312310940699,nan
nan,nan,nan,nan,nan,nan,nan,nan,0.6370640056208207,0.7550312310940699,nan
nan,nan,nan,nan,nan,nan,nan,nan,0.6370640056208207,0.7550312310940699,nan
nan,nan,nan,nan,nan,nan,nan,nan,0.6370640056208207,0.7550312310940699,nan
nan,nan,nan,nan,nan,nan,nan,nan,0.6370640056208207,0.7550312310940699,nan
nan,nan,nan,nan,nan,nan,nan,nan,0.6370640056208207,0.7550312310940699,nan
nan,nan,nan,nan,nan,nan,nan,nan,0.6370640056208207,0.7550312310940699,nan
nan,nan,nan,nan,nan,nan,nan,nan,0.632388455694273,0.7550312310940699,nan
nan,nan,nan,nan,nan,nan,nan,nan,0.632388455694273,0.7550312310940699,nan
nan,nan,nan,nan,nan,nan,nan,nan,0.632388455694273,0.7550312310940699,nan
nan,nan,nan,nan,nan,nan,nan,nan,0.632388455694273,0.7550312310940699,nan
nan,nan,nan,nan,nan,nan,nan,nan,0.632388455694273,0.7550312310940699,nan
nan,nan,nan,nan,nan,nan,nan,nan,0.6770220838704945,0.7550312310940699,nan
nan,nan,nan,nan,nan,nan,nan,nan,0.6770220838704945,0.7550312310940699,nan
nan,nan,nan,nan,nan,nan,nan,nan,0.5911292551056053,0.7550312310940699,nan
nan,nan,nan,nan,nan,nan,nan,nan,0.5911292551056053,0.7550312310940699,nan
nan,nan,nan,nan,nan,nan,nan,nan,0.5911292551056053,0.7550312310940699,nan
nan,nan,nan,nan,nan,nan,nan,nan,0.5911292551056053,0.7550312310940699,nan
nan,nan,nan,nan,nan,nan,nan,nan,0.5911292551056053,0.7550312310940699,nan
nan,nan,nan,nan,nan,nan,nan,nan,0.5911292551056053,0.7550312310940699,nan
nan,nan,nan,nan,nan,nan,nan,nan,0.5911292551056053,0.7550312310940699,nan
nan,nan,nan,nan,nan,nan,nan,nan,0.5911292551056053,0.7550312310940699,nan
nan,nan,nan,nan,nan,nan,nan,nan,0.5911292551056053,0.7550312310940699,nan
nan,nan,nan,nan,nan,nan,nan,nan,0.5416546317309676,0.7550312310940699,nan
nan,nan,nan,nan,nan,nan,nan,nan,0.5416546317309676,0.7550312310940699,nan
nan,nan,nan,nan,nan,nan,nan,nan,0.5416546317309676,0.7550312310940699,nan
nan,nan,nan,nan,nan,nan,nan,nan,0.5416546317309676,0.7550312310940699,nan
nan,nan,nan,nan,nan,nan,nan,nan,0.5416546317309676,0.7550312310940699,nan
nan,nan,nan,nan,nan,nan,nan,nan,0.5416546317309676,0.7550312310940699,nan
nan,nan,nan,nan,nan,nan,nan,nan,0.5416546317309676,0.7550312310940699,nan
nan,nan,nan,nan,nan,nan,nan,nan,0.5416546317309676,0.7550312310940699,nan
nan,nan,nan,nan,nan,nan,nan,nan,0.5416546317309676,0.7550312310940699,nan
nan,nan,nan,nan,nan,nan,nan,nan,0.5416546317309676,0.7550312310940699,nan
nan,nan,nan,nan,nan,nan,nan,nan,0.5416546317309676,0.7550312310940699,nan
nan,nan,nan,nan,nan,nan,nan,nan,0.5416546317309676,0.7550312310940699,nan
nan,nan,nan,nan,nan,nan,nan,nan,0.5416546317309676,0.759261375229545,nan
nan,nan,nan,nan,nan,nan,nan,nan,0.5416546317309676,0.759261375229545,nan
nan,nan,nan,nan,nan,nan,nan,nan,0.5416546317309676,0.759261375229545,nan
nan,nan,nan,nan,nan,nan,nan,nan,0.5416546317309676,0.759261375229545,nan
nan,nan,nan,nan,nan,nan,nan,nan,0.5416546317309676,0.759261375229545,nan
nan,nan,nan,nan,nan,nan,nan,nan,0.5416546317309676,0.759261375229545,nan
nan,nan,nan,nan,nan,nan,nan,nan,0.5416546317309676,0.759261375229545,nan
nan,nan,nan,nan,nan,nan,nan,nan,0.5416546317309676,0.759261375229545,nan
nan,nan,nan,nan,nan,nan,nan,nan,0.5416546317309676,0.759261375229545,nan
nan,nan,nan,nan,nan,nan,nan,nan,0.5416546317309676,0.759261375229545,nan
nan,nan,nan,nan,nan,nan,nan,nan,0.5416546317309676,0.759261375229545,nan
nan,nan,nan,nan,nan,nan,nan,nan,0.5416546317309676,0.759261375229545,nan
nan,nan,nan,nan,nan,nan,nan,nan,0.5416546317309676,0.759261375229545,nan
nan,nan,nan,nan,nan,nan,nan,nan,0.5416546317309676,0.7577689339904033,nan
nan,nan,nan,nan,nan,nan,nan,nan,0.5416546317309676,0.7577689339904033,nan
nan,nan,nan,nan,nan,nan,nan,nan,0.5752916351095805,0.7577689339904033,nan
nan,nan,nan,nan,nan,nan,nan,nan,0.5752916351095805,0.7577689339904033,nan
nan,nan,nan,nan,nan,nan,nan,nan,0.5752916351095805,0.7066000076036953,nan
nan,nan,nan,nan,nan,nan,nan,nan,0.5752916351095805,0.7066000076036953,nan
nan,nan,nan,nan,nan,nan,nan,nan,0.6228120369897308,0.7066000076036953,nan
nan,nan,nan,nan,nan,nan,nan,nan,0.6228120369897308,0.7066000076036953,nan
nan,nan,nan,nan,nan,nan,nan,nan,0.603305819856773,0.6228120369897308,nan
nan,nan,nan,nan,nan,nan,nan,nan,0.603305819856773,0.6228120369897308,nan
nan,nan,nan,nan,nan,nan,nan,nan,0.603305819856773,0.6228120369897308,nan
nan,nan,nan,nan,nan,nan,nan,nan,0.6228120369897308,0.6523433061151604,nan
nan,nan,nan,nan,nan,nan,nan,nan,0.6095234964877353,0.6523433061151604,nan
nan,nan,nan,nan,nan,nan,nan,nan,0.6075555238799455,0.6523433061151604,nan
nan,nan,nan,nan,nan,nan,nan,nan,0.6075555238799455,0.7315143180120878,nan
nan,nan,nan,nan,nan,nan,nan,nan,0.5500429411376099,0.7315143180120878,nan
nan,nan,nan,nan,nan,nan,nan,nan,0.6196979223681294,0.7315143180120878,nan
nan,nan,nan,nan,nan,nan,nan,nan,0.5457196651043544,0.7315143180120878,nan
nan,nan,nan,nan,nan,nan,nan,nan,0.5457196651043544,0.7315143180120878,nan
nan,nan,nan,nan,nan,nan,nan,nan,0.5457196651043544,0.7315143180120878,nan
nan,nan,nan,nan,nan,nan,nan,nan,0.4450170786823526,0.7315143180120878,nan
nan,nan,nan,nan,nan,nan,nan,nan,0.5278777073289095,0.7315143180120878,nan
nan,nan,nan,nan,nan,nan,nan,nan,0.5610834184594352,0.7315143180120878,nan
nan,nan,nan,nan,nan,nan,nan,nan,0.5610834184594352,0.7315143180120878,nan
nan,nan,nan,nan,nan,nan,nan,nan,0.5610834184594352,0.7315143180120878,nan
nan,nan,nan,nan,nan,nan,nan,nan,0.5610834184594352,0.7315143180120878,nan
nan,nan,nan,nan,nan,nan,nan,nan,0.5610834184594352,0.7315143180120878,nan
nan,nan,nan,nan,nan,nan,nan,nan,0.5936335391988631,0.7315143180120878,nan
nan,nan,nan,nan,nan,nan,nan,nan,0.5936335391988631,0.6138645864758867,nan
nan,nan,nan,nan,nan,nan,nan,nan,0.5936335391988631,0.6138645864758867,nan
nan,nan,nan,nan,nan,nan,nan,nan,0.5936335391988631,0.6973250810664581,nan
nan,nan,nan,nan,nan,nan,nan,nan,0.48128713830293485,0.6973250810664581,nan
nan,nan,nan,nan,nan,nan,nan,nan,0.48128713830293485,0.6973250810664581,nan
nan,nan,nan,nan,nan,nan,nan,nan,0.48128713830293485,0.6973250810664581,nan
nan,nan,nan,nan,nan,nan,nan,nan,0.48128713830293485,0.6973250810664581,nan
nan,nan,nan,nan,nan,nan,nan,nan,0.48128713830293485,0.6973250810664581,nan
nan,nan,nan,nan,nan,nan,nan,nan,0.3753412111997297,0.6973250810664581,nan
nan,nan,nan,nan,nan,nan,nan,nan,0.3645004607843574,0.6973250810664581,nan
nan,nan,nan,nan,nan,nan,nan,nan,0.3645004607843574,0.6973250810664581,nan
nan,nan,nan,nan,nan,nan,nan,nan,0.3645004607843574,0.6973250810664581,nan
nan,nan,nan,nan,nan,nan,nan,nan,0.3645004607843574,0.6973250810664581,nan
nan,nan,nan,nan,nan,nan,nan,nan,0.36439046333783176,0.6973250810664581,nan
nan,nan,nan,nan,nan,nan,nan,nan,0.36439046333783176,0.7350606968179263,nan
nan,nan,nan,nan,nan,nan,nan,nan,0.36439046333783176,0.7350606968179263,nan
nan,nan,nan,nan,nan,nan,nan,nan,0.36439046333783176,0.7350606968179263,nan
nan,nan,nan,nan,nan,nan,nan,nan,0.36439046333783176,0.7350606968179263,nan
nan,nan,nan,nan,nan,nan,nan,nan,0.36439046333783176,0.7350606968179263,nan
nan,nan,nan,nan,nan,nan,nan,nan,0.36439046333783176,0.7350606968179263,nan
nan,nan,nan,nan,nan,nan,nan,nan,0.38392359299962225,0.7350606968179263,nan
nan,nan,nan,nan,nan,nan,nan,nan,0.38392359299962225,0.6877009002928872,nan
nan,nan,nan,nan,nan,nan,nan,nan,0.35602670450411117,0.6877009002928872,nan
nan,nan,nan,nan,nan,nan,nan,nan,0.35602670450411117,0.6877009002928872,nan
nan,nan,nan,nan,nan,nan,nan,nan,0.35602670450411117,0.6877009002928872,nan
nan,nan,nan,nan,nan,nan,nan,nan,0.35602670450411117,0.6877009002928872,nan
nan,nan,nan,nan,nan,nan,nan,nan,0.356555516092631,0.6877009002928872,nan
nan,nan,nan,nan,nan,nan,nan,nan,0.356555516092631,0.6877009002928872,nan
nan,nan,nan,nan,nan,nan,nan,nan,0.356555516092631,0.5946277000226072,nan
nan,nan,nan,nan,nan,nan,nan,nan,0.356555516092631,0.5946277000226072,nan
nan,nan,nan,nan,nan,nan,nan,nan,0.356555516092631,0.5946277000226072,nan
nan,nan,nan,nan,nan,nan,nan,nan,0.356555516092631,0.5946277000226072,nan
nan,nan,nan,nan,nan,nan,nan,nan,0.46968056187870455,0.5946277000226072,nan
nan,nan,nan,nan,nan,nan,nan,nan,0.521872895304212,0.5946277000226072,nan
nan,nan,nan,nan,nan,nan,nan,nan,0.521872895304212,0.5946277000226072,nan
nan,nan,nan,nan,nan,nan,nan,nan,0.521872895304212,0.5946277000226072,nan
nan,nan,nan,nan,nan,nan,nan,nan,0.521872895304212,0.5946277000226072,nan
nan,nan,nan,nan,nan,nan,nan,nan,0.521872895304212,0.5934943553251001,nan
nan,nan,nan,nan,nan,nan,nan,nan,0.5805666223992917,0.5934943553251001,nan
nan,nan,nan,nan,nan,nan,nan,nan,0.5775425237612644,0.5934943553251001,nan
nan,nan,nan,nan,nan,nan,nan,nan,0.5775425237612644,0.5934943553251001,nan
nan,nan,nan,nan,nan,nan,nan,nan,0.5775425237612644,0.5968297945178215,nan
nan,nan,nan,nan,nan,nan,nan,nan,0.5816486710082518,0.5968297945178215,nan
nan,nan,nan,nan,nan,nan,nan,nan,0.5816486710082518,0.5968297945178215,nan
nan,nan,nan,nan,nan,nan,nan,nan,0.5816486710082518,0.5931980674794263,nan
nan,nan,nan,nan,nan,nan,nan,nan,0.5816486710082518,0.7436419201513775,nan
nan,nan,nan,nan,nan,nan,nan,nan,0.5816486710082518,0.7436419201513775,nan
nan,nan,nan,nan,nan,nan,nan,nan,0.5816486710082518,0.7436419201513775,nan
nan,nan,nan,nan,nan,nan,nan,nan,0.5816486710082518,0.7436419201513775,nan
nan,nan,nan,nan,nan,nan,nan,nan,0.5816486710082518,0.7436419201513775,nan
nan,nan,nan,nan,nan,nan,nan,nan,0.5816486710082518,0.7436419201513775,nan
nan,nan,nan,nan,nan,nan,nan,nan,0.58279325186761,0.7436419201513775,nan
nan,nan,nan,nan,nan,nan,nan,nan,0.44947095110009927,0.7436419201513775,nan
nan,nan,nan,nan,nan,nan,nan,nan,0.6317662032126811,0.7436419201513775,nan
nan,nan,nan,nan,nan,nan,nan,nan,0.658245693318073,0.7436419201513775,nan
nan,nan,nan,nan,nan,nan,nan,nan,0.658245693318073,0.7436419201513775,nan
nan,nan,nan,nan,nan,nan,nan,nan,0.658245693318073,0.7436419201513775,nan
nan,nan,nan,nan,nan,nan,nan,nan,0.658245693318073,0.7436419201513775,nan
nan,nan,nan,nan,nan,nan,nan,nan,0.6284747108846832,0.7436419201513775,nan
nan,nan,nan,nan,nan,nan,nan,nan,0.6239123361725913,0.6284747108846832,nan
nan,nan,nan,nan,nan,nan,nan,nan,0.6239123361725913,0.6284747108846832,nan
nan,nan,nan,nan,nan,nan,nan,nan,0.6239123361725913,0.6284747108846832,nan
nan,nan,nan,nan,nan,nan,nan,nan,0.6239123361725913,0.6308531260586442,nan
nan,nan,nan,nan,nan,nan,nan,nan,0.6239123361725913,0.6308531260586442,nan
nan,nan,nan,nan,nan,nan,nan,nan,0.6239123361725913,0.6308531260586442,nan
nan,nan,nan,nan,nan,nan,nan,nan,0.6239123361725913,0.6308531260586442,nan
nan,nan,nan,nan,nan,nan,nan,nan,0.6308531260586442,0.7025913803717663,nan
nan,nan,nan,nan,nan,nan,nan,nan,0.6308531260586442,0.7025913803717663,nan
nan,nan,nan,nan,nan,nan,nan,nan,0.6308531260586442,0.7025913803717663,nan
nan,nan,nan,nan,nan,nan,nan,nan,0.6308531260586442,0.7025913803717663,nan
nan,nan,nan,nan,nan,nan,nan,nan,0.6308531260586442,0.7025913803717663,nan
nan,nan,nan,nan,nan,nan,nan,nan,0.6308531260586442,0.7025913803717663,nan
nan,nan,nan,nan,nan,nan,nan,nan,0.6308531260586442,0.7025913803717663,nan
nan,nan,nan,nan,nan,nan,nan,nan,0.6308531260586442,0.7025913803717663,nan
nan,nan,nan,nan,nan,nan,nan,nan,0.6308531260586442,0.7025913803717663,nan
nan,nan,nan,nan,nan,nan,nan,nan,0.6308531260586442,0.6374266451730737,nan
nan,nan,nan,nan,nan,nan,nan,nan,0.6308531260586442,0.6374266451730737,nan
nan,nan,nan,nan,nan,nan,nan,nan,0.6308531260586442,0.7412666049721822,nan
nan,nan,nan,nan,nan,nan,nan,nan,0.6308531260586442,0.7412666049721822,nan
nan,nan,nan,nan,nan,nan,nan,nan,0.6308531260586442,0.7412666049721822,nan
nan,nan,nan,nan,nan,nan,nan,nan,0.6308531260586442,0.7412666049721822,nan
nan,nan,nan,nan,nan,nan,nan,nan,0.6308531260586442,0.7503451657927497,nan
nan,nan,nan,nan,nan,nan,nan,nan,0.6308531260586442,0.7503451657927497,nan
nan,nan,nan,nan,nan,nan,nan,nan,0.6308531260586442,0.6694602313120275,nan
nan,nan,nan,nan,nan,nan,nan,nan,0.6308531260586442,0.6694602313120275,nan
nan,nan,nan,nan,nan,nan,nan,nan,0.6308531260586442,0.6694602313120275,nan
nan,nan,nan,nan,nan,nan,nan,nan,0.6308531260586442,0.6694602313120275,nan
nan,nan,nan,nan,nan,nan,nan,nan,0.6308531260586442,0.6737027847618889,nan
nan,nan,nan,nan,nan,nan,nan,nan,0.6308531260586442,0.6737027847618889,nan
nan,nan,nan,nan,nan,nan,nan,nan,0.531629190050053,0.6737027847618889,nan
nan,nan,nan,nan,nan,nan,nan,nan,0.531629190050053,0.6737027847618889,nan
nan,nan,nan,nan,nan,nan,nan,nan,0.531629190050053,0.6737027847618889,nan
nan,nan,nan,nan,nan,nan,nan,nan,0.531629190050053,0.6737027847618889,nan
nan,nan,nan,nan,nan,nan,nan,nan,0.608997299283308,0.6737027847618889,nan
nan,nan,nan,nan,nan,nan,nan,nan,0.6660902075252909,0.6737027847618889,nan
nan,nan,nan,nan,nan,nan,nan,nan,0.6660902075252909,0.6737027847618889,nan
nan,nan,nan,nan,nan,nan,nan,nan,0.6660902075252909,0.6796481946941244,nan
nan,nan,nan,nan,nan,nan,nan,nan,0.6269627170228955,0.6660902075252909,nan
nan,nan,nan,nan,nan,nan,nan,nan,0.6269627170228955,0.6660902075252909,nan
nan,nan,nan,nan,nan,nan,nan,nan,0.6277900708710542,0.6660902075252909,nan
nan,nan,nan,nan,nan,nan,nan,nan,0.6284590444114911,0.6660902075252909,nan
nan,nan,nan,nan,nan,nan,nan,nan,0.6284590444114911,0.6660902075252909,nan
nan,nan,nan,nan,nan,nan,nan,nan,0.6284590444114911,0.6660902075252909,nan
nan,nan,nan,nan,nan,nan,nan,nan,0.6284590444114911,0.6660902075252909,nan
nan,nan,nan,nan,nan,nan,nan,nan,0.6284590444114911,0.6660902075252909,nan
nan,nan,nan,nan,nan,nan,nan,nan,0.6284590444114911,0.6660902075252909,nan
nan,nan,nan,nan,nan,nan,nan,nan,0.6284590444114911,0.6492796747488436,nan
nan,nan,nan,nan,nan,nan,nan,nan,0.6284590444114911,0.6492796747488436,nan
nan,nan,nan,nan,nan,nan,nan,nan,0.6284590444114911,0.6492796747488436,nan
nan,nan,nan,nan,nan,nan,nan,nan,0.6284590444114911,0.6492796747488436,nan
nan,nan,nan,nan,nan,nan,nan,nan,0.6284590444114911,0.6492796747488436,nan
nan,nan,nan,nan,nan,nan,nan,nan,0.6284590444114911,0.6492796747488436,nan
nan,nan,nan,nan,nan,nan,nan,nan,0.5997651381153551,0.6284590444114911,nan
nan,nan,nan,nan,nan,nan,nan,nan,0.5997651381153551,0.6284590444114911,nan
nan,nan,nan,nan,nan,nan,nan,nan,0.5997651381153551,0.6284590444114911,nan
nan,nan,nan,nan,nan,nan,nan,nan,0.5456396399824939,0.6284590444114911,nan
nan,nan,nan,nan,nan,nan,nan,nan,0.5456396399824939,0.6284590444114911,nan
nan,nan,nan,nan,nan,nan,nan,nan,0.5456396399824939,0.6430880217360754,nan
nan,nan,nan,nan,nan,nan,nan,nan,0.5456396399824939,0.6430880217360754,nan
nan,nan,nan,nan,nan,nan,nan,nan,0.6430880217360754,0.643573866406631,nan
nan,nan,nan,nan,nan,nan,nan,nan,0.6007927464193795,0.6430880217360754,nan
nan,nan,nan,nan,nan,nan,nan,nan,0.6007927464193795,0.7575519031829712,nan
nan,nan,nan,nan,nan,nan,nan,nan,0.6007927464193795,0.7483895046633413,nan
nan,nan,nan,nan,nan,nan,nan,nan,0.6007927464193795,0.6256384544205708,nan
nan,nan,nan,nan,nan,nan,nan,nan,0.6023335441957607,0.6256384544205708,nan
nan,nan,nan,nan,nan,nan,nan,nan,0.6023335441957607,0.6256384544205708,nan
nan,nan,nan,nan,nan,nan,nan,nan,0.6023335441957607,0.6256384544205708,nan
nan,nan,nan,nan,nan,nan,nan,nan,0.6023335441957607,0.6256384544205708,nan
nan,nan,nan,nan,nan,nan,nan,nan,0.6161305170562063,0.6256384544205708,nan
nan,nan,nan,nan,nan,nan,nan,nan,0.6161305170562063,0.6256384544205708,nan
nan,nan,nan,nan,nan,nan,nan,nan,0.6161305170562063,0.6256384544205708,nan
nan,nan,nan,nan,nan,nan,nan,nan,0.5759122707506145,0.6256384544205708,nan
nan,nan,nan,nan,nan,nan,nan,nan,0.5990654439141407,0.6256384544205708,nan
nan,nan,nan,nan,nan,nan,nan,nan,0.5990654439141407,0.6256384544205708,nan
nan,nan,nan,nan,nan,nan,nan,nan,0.5990654439141407,0.6256384544205708,nan
nan,nan,nan,nan,nan,nan,nan,nan,0.5990654439141407,0.6278806705947899,nan
nan,nan,nan,nan,nan,nan,nan,nan,0.5990654439141407,0.6278806705947899,nan
nan,nan,nan,nan,nan,nan,nan,nan,0.5377089062830548,0.6278806705947899,nan
nan,nan,nan,nan,nan,nan,nan,nan,0.5377089062830548,0.6278806705947899,nan
nan,nan,nan,nan,nan,nan,nan,nan,0.5377089062830548,0.6278806705947899,nan
nan,nan,nan,nan,nan,nan,nan,nan,0.5377089062830548,0.6278806705947899,nan
nan,nan,nan,nan,nan,nan,nan,nan,0.5377089062830548,0.6278806705947899,nan
nan,nan,nan,nan,nan,nan,nan,nan,0.5377089062830548,0.6278806705947899,nan
nan,nan,nan,nan,nan,nan,nan,nan,0.5377089062830548,0.6278806705947899,nan
nan,nan,nan,nan,nan,nan,nan,nan,0.5377089062830548,0.6278806705947899,nan
nan,nan,nan,nan,nan,nan,nan,nan,0.5377089062830548,0.7560042693499558,nan
nan,nan,nan,nan,nan,nan,nan,nan,0.5377089062830548,0.7560042693499558,nan
nan,nan,nan,nan,nan,nan,nan,nan,0.5284251136728976,0.7560042693499558,nan
nan,nan,nan,nan,nan,nan,nan,nan,0.5294738211865746,0.7560042693499558,nan
nan,nan,nan,nan,nan,nan,nan,nan,0.5294738211865746,0.7560042693499558,nan
nan,nan,nan,nan,nan,nan,nan,nan,0.5294738211865746,0.7560042693499558,nan
nan,nan,nan,nan,nan,nan,nan,nan,0.5294738211865746,0.7560042693499558,nan
nan,nan,nan,nan,nan,nan,nan,nan,0.6582586988739593,0.7560042693499558,nan
nan,nan,nan,nan,nan,nan,nan,nan,0.6582586988739593,0.7560042693499558,nan
nan,nan,nan,nan,nan,nan,nan,nan,0.6582586988739593,0.7560042693499558,nan
nan,nan,nan,nan,nan,nan,nan,nan,0.6582586988739593,0.7560042693499558,nan
nan,nan,nan,nan,nan,nan,nan,nan,0.6582586988739593,0.7560042693499558,nan
nan,nan,nan,nan,nan,nan,nan,nan,0.6582586988739593,0.7560042693499558,nan
nan,nan,nan,nan,nan,nan,nan,nan,0.6582586988739593,0.7560042693499558,nan
nan,nan,nan,nan,nan,nan,nan,nan,0.6582586988739593,0.7560042693499558,nan
nan,nan,nan,nan,nan,nan,nan,nan,0.6582586988739593,0.7560042693499558,nan
nan,nan,nan,nan,nan,nan,nan,nan,0.6582586988739593,0.7560042693499558,nan
nan,nan,nan,nan,nan,nan,nan,nan,0.6582586988739593,0.761032536056973,nan
nan,nan,nan,nan,nan,nan,nan,nan,0.6582586988739593,0.761032536056973,nan
nan,nan,nan,nan,nan,nan,nan,nan,0.6582586988739593,0.761032536056973,nan
nan,nan,nan,nan,nan,nan,nan,nan,0.6561773064889781,0.761032536056973,nan
nan,nan,nan,nan,nan,nan,nan,nan,0.6561773064889781,0.674893032088387,nan
nan,nan,nan,nan,nan,nan,nan,nan,0.6561773064889781,0.674893032088387,nan
nan,nan,nan,nan,nan,nan,nan,nan,0.6317173023055376,0.6561773064889781,nan
nan,nan,nan,nan,nan,nan,nan,nan,0.6317173023055376,0.6561773064889781,nan
nan,nan,nan,nan,nan,nan,nan,nan,0.6561773064889781,0.7575903091889212,nan
nan,nan,nan,nan,nan,nan,nan,nan,0.6561773064889781,0.7575903091889212,nan
nan,nan,nan,nan,nan,nan,nan,nan,0.6561773064889781,0.7575903091889212,nan
nan,nan,nan,nan,nan,nan,nan,nan,0.6561773064889781,0.7575903091889212,nan
nan,nan,nan,nan,nan,nan,nan,nan,0.6561773064889781,0.7575903091889212,nan
nan,nan,nan,nan,nan,nan,nan,nan,0.6561773064889781,0.7575903091889212,nan
nan,nan,nan,nan,nan,nan,nan,nan,0.6561773064889781,0.7575903091889212,nan
nan,nan,nan,nan,nan,nan,nan,nan,0.6561773064889781,0.7575903091889212,nan
nan,nan,nan,nan,nan,nan,nan,nan,0.6561773064889781,0.7575903091889212,nan
nan,nan,nan,nan,nan,nan,nan,nan,0.6561773064889781,0.7575903091889212,nan
nan,nan,nan,nan,nan,nan,nan,nan,0.6561773064889781,0.7575903091889212,nan
nan,nan,nan,nan,nan,nan,nan,nan,0.6561773064889781,0.7575903091889212,nan
nan,nan,nan,nan,nan,nan,nan,nan,0.6561773064889781,0.7575903091889212,nan
nan,nan,nan,nan,nan,nan,nan,nan,0.646332299273589,0.7575903091889212,nan
nan,nan,nan,nan,nan,nan,nan,nan,0.646332299273589,0.7612444785865181,nan
nan,nan,nan,nan,nan,nan,nan,nan,0.646332299273589,0.7612444785865181,nan
nan,nan,nan,nan,nan,nan,nan,nan,0.646332299273589,0.7612444785865181,nan
nan,nan,nan,nan,nan,nan,nan,nan,0.646332299273589,0.7612444785865181,nan
nan,nan,nan,nan,nan,nan,nan,nan,0.646332299273589,0.7612444785865181,nan
nan,nan,nan,nan,nan,nan,nan,nan,0.646332299273589,0.7612444785865181,nan
nan,nan,nan,nan,nan,nan,nan,nan,0.646332299273589,0.7612444785865181,nan
nan,nan,nan,nan,nan,nan,nan,nan,0.5821146906830063,0.7612444785865181,nan
nan,nan,nan,nan,nan,nan,nan,nan,0.5821146906830063,0.6397146097644607,nan
nan,nan,nan,nan,nan,nan,nan,nan,0.5821146906830063,0.6397146097644607,nan
nan,nan,nan,nan,nan,nan,nan,nan,0.5821146906830063,0.6397146097644607,nan
nan,nan,nan,nan,nan,nan,nan,nan,0.5821146906830063,0.6397146097644607,nan
nan,nan,nan,nan,nan,nan,nan,nan,0.5821146906830063,0.6397146097644607,nan
nan,nan,nan,nan,nan,nan,nan,nan,0.5821146906830063,0.6397146097644607,nan
nan,nan,nan,nan,nan,nan,nan,nan,0.5821146906830063,0.6397146097644607,nan
nan,nan,nan,nan,nan,nan,nan,nan,0.5821146906830063,0.6397146097644607,nan
nan,nan,nan,nan,nan,nan,nan,nan,0.5821146906830063,0.6397146097644607,nan
nan,nan,nan,nan,nan,nan,nan,nan,0.5821146906830063,0.7538880456421091,nan
nan,nan,nan,nan,nan,nan,nan,nan,0.5821146906830063,0.640265726094389,nan
nan,nan,nan,nan,nan,nan,nan,nan,0.5821146906830063,0.640265726094389,nan
nan,nan,nan,nan,nan,nan,nan,nan,0.5821146906830063,0.640265726094389,nan
nan,nan,nan,nan,nan,nan,nan,nan,0.5821146906830063,0.640265726094389,nan
nan,nan,nan,nan,nan,nan,nan,nan,0.5821146906830063,0.6317867502387879,nan
nan,nan,nan,nan,nan,nan,nan,nan,0.5821146906830063,0.6317867502387879,nan
nan,nan,nan,nan,nan,nan,nan,nan,0.5821146906830063,0.6317867502387879,nan
nan,nan,nan,nan,nan,nan,nan,nan,0.5821146906830063,0.6317867502387879,nan
nan,nan,nan,nan,nan,nan,nan,nan,0.5821146906830063,0.6317867502387879,nan
nan,nan,nan,nan,nan,nan,nan,nan,0.5821146906830063,0.6317867502387879,nan
nan,nan,nan,nan,nan,nan,nan,nan,0.5821146906830063,0.7341735928997924,nan
nan,nan,nan,nan,nan,nan,nan,nan,0.5821146906830063,0.7341735928997924,nan
nan,nan,nan,nan,nan,nan,nan,nan,0.5821146906830063,0.7341735928997924,nan
nan,nan,nan,nan,nan,nan,nan,nan,0.5821146906830063,0.7341735928997924,nan
nan,nan,nan,nan,nan,nan,nan,nan,0.5821146906830063,0.7341735928997924,nan
nan,nan,nan,nan,nan,nan,nan,nan,0.5821146906830063,0.7341735928997924,nan
nan,nan,nan,nan,nan,nan,nan,nan,0.5821146906830063,0.7341735928997924,nan
nan,nan,nan,nan,nan,nan,nan,nan,0.5821146906830063,0.7341735928997924,nan
nan,nan,nan,nan,nan,nan,nan,nan,0.5821146906830063,0.7341735928997924,nan
nan,nan,nan,nan,nan,nan,nan,nan,0.5821146906830063,0.7341735928997924,nan
nan,nan,nan,nan,nan,nan,nan,nan,0.5821146906830063,0.7341735928997924,nan
nan,nan,nan,nan,nan,nan,nan,nan,0.5821146906830063,0.7341735928997924,nan
nan,nan,nan,nan,nan,nan,nan,nan,0.5643329265812488,0.7341735928997924,nan
nan,nan,nan,nan,nan,nan,nan,nan,0.5643329265812488,0.7341735928997924,nan
nan,nan,nan,nan,nan,nan,nan,nan,0.5643329265812488,0.7341735928997924,nan
nan,nan,nan,nan,nan,nan,nan,nan,0.532209142106772,0.7341735928997924,nan
nan,nan,nan,nan,nan,nan,nan,nan,0.532209142106772,0.7341735928997924,nan
nan,nan,nan,nan,nan,nan,nan,nan,0.532209142106772,0.7341735928997924,nan
nan,nan,nan,nan,nan,nan,nan,nan,0.532209142106772,0.7341735928997924,nan
nan,nan,nan,nan,nan,nan,nan,nan,0.532209142106772,0.7341735928997924,nan
nan,nan,nan,nan,nan,nan,nan,nan,0.44941722326619415,0.7341735928997924,nan
nan,nan,nan,nan,nan,nan,nan,nan,0.44941722326619415,0.7357760693034806,nan
nan,nan,nan,nan,nan,nan,nan,nan,0.44941722326619415,0.7357760693034806,nan
nan,nan,nan,nan,nan,nan,nan,nan,0.44941722326619415,0.7357760693034806,nan
nan,nan,nan,nan,nan,nan,nan,nan,0.44941722326619415,0.7337104723835979,nan
nan,nan,nan,nan,nan,nan,nan,nan,0.44941722326619415,0.7355360314048042,nan
nan,nan,nan,nan,nan,nan,nan,nan,0.44941722326619415,0.7355360314048042,nan
nan,nan,nan,nan,nan,nan,nan,nan,0.44941722326619415,0.7355360314048042,nan
nan,nan,nan,nan,nan,nan,nan,nan,0.6276068429178477,0.7355360314048042,nan
nan,nan,nan,nan,nan,nan,nan,nan,0.5618636442214352,0.7355360314048042,nan
nan,nan,nan,nan,nan,nan,nan,nan,0.5672839754867071,0.7355360314048042,nan
nan,nan,nan,nan,nan,nan,nan,nan,0.5672839754867071,0.7355360314048042,nan
nan,nan,nan,nan,nan,nan,nan,nan,0.5672839754867071,0.7355360314048042,nan
nan,nan,nan,nan,nan,nan,nan,nan,0.5672839754867071,0.7355360314048042,nan
nan,nan,nan,nan,nan,nan,nan,nan,0.6336910985869001,0.7355360314048042,nan
nan,nan,nan,nan,nan,nan,nan,nan,0.6336910985869001,0.7355360314048042,nan
nan,nan,nan,nan,nan,nan,nan,nan,0.6336910985869001,0.7597295475274616,nan
nan,nan,nan,nan,nan,nan,nan,nan,0.6336910985869001,0.7194849609663807,nan
nan,nan,nan,nan,nan,nan,nan,nan,0.6336910985869001,0.7194849609663807,nan
nan,nan,nan,nan,nan,nan,nan,nan,0.5765106375482775,0.7194849609663807,nan
nan,nan,nan,nan,nan,nan,nan,nan,0.5765106375482775,0.7194849609663807,nan
nan,nan,nan,nan,nan,nan,nan,nan,0.5558766323978883,0.7194849609663807,nan
nan,nan,nan,nan,nan,nan,nan,nan,0.5558766323978883,0.7194849609663807,nan
nan,nan,nan,nan,nan,nan,nan,nan,0.5558766323978883,0.7194849609663807,nan
nan,nan,nan,nan,nan,nan,nan,nan,0.5558766323978883,0.7194849609663807,nan
nan,nan,nan,nan,nan,nan,nan,nan,0.5558766323978883,0.7194849609663807,nan
nan,nan,nan,nan,nan,nan,nan,nan,0.5558766323978883,0.7194849609663807,nan
nan,nan,nan,nan,nan,nan,nan,nan,0.5558766323978883,0.6917327544740315,nan
nan,nan,nan,nan,nan,nan,nan,nan,0.5848019637015587,0.6917327544740315,nan
nan,nan,nan,nan,nan,nan,nan,nan,0.5848019637015587,0.6627448136408817,nan
nan,nan,nan,nan,nan,nan,nan,nan,0.6274685944874592,0.6627448136408817,nan
nan,nan,nan,nan,nan,nan,nan,nan,0.6274685944874592,0.6627448136408817,nan
nan,nan,nan,nan,nan,nan,nan,nan,0.6274685944874592,0.6627448136408817,nan
nan,nan,nan,nan,nan,nan,nan,nan,0.6274685944874592,0.6627448136408817,nan
nan,nan,nan,nan,nan,nan,nan,nan,0.6274685944874592,0.6627448136408817,nan
nan,nan,nan,nan,nan,nan,nan,nan,0.6274685944874592,0.6627448136408817,nan
nan,nan,nan,nan,nan,nan,nan,nan,0.6274685944874592,0.6627448136408817,nan
nan,nan,nan,nan,nan,nan,nan,nan,0.6274685944874592,0.6624837900925046,nan
nan,nan,nan,nan,nan,nan,nan,nan,0.6124171242395935,0.6624837900925046,nan
nan,nan,nan,nan,nan,nan,nan,nan,0.6124171242395935,0.6688572927859266,nan
nan,nan,nan,nan,nan,nan,nan,nan,0.6124171242395935,0.6175008821387548,nan
nan,nan,nan,nan,nan,nan,nan,nan,0.6124171242395935,0.6175008821387548,nan
nan,nan,nan,nan,nan,nan,nan,nan,0.6124171242395935,0.6161428598169327,nan
nan,nan,nan,nan,nan,nan,nan,nan,0.45860511046185715,0.6161428598169327,nan
nan,nan,nan,nan,nan,nan,nan,nan,0.45860511046185715,0.6161428598169327,nan
nan,nan,nan,nan,nan,nan,nan,nan,0.45860511046185715,0.7667928979389124,nan
nan,nan,nan,nan,nan,nan,nan,nan,0.47570383118712734,0.7667928979389124,nan
nan,nan,nan,nan,nan,nan,nan,nan,0.47570383118712734,0.7667928979389124,nan
nan,nan,nan,nan,nan,nan,nan,nan,0.47570383118712734,0.7667928979389124,nan
nan,nan,nan,nan,nan,nan,nan,nan,0.47570383118712734,0.7667928979389124,nan
nan,nan,nan,nan,nan,nan,nan,nan,0.47570383118712734,0.7667928979389124,nan
nan,nan,nan,nan,nan,nan,nan,nan,0.47570383118712734,0.6144923659016645,nan
nan,nan,nan,nan,nan,nan,nan,nan,0.47570383118712734,0.6144923659016645,nan
nan,nan,nan,nan,nan,nan,nan,nan,0.6135328511174902,0.6144923659016645,nan
nan,nan,nan,nan,nan,nan,nan,nan,0.6135328511174902,0.6144923659016645,nan
nan,nan,nan,nan,nan,nan,nan,nan,0.49982480391515116,0.6144923659016645,nan
nan,nan,nan,nan,nan,nan,nan,nan,0.49975537338238313,0.6144923659016645,nan
nan,nan,nan,nan,nan,nan,nan,nan,0.49975537338238313,0.6144923659016645,nan
nan,nan,nan,nan,nan,nan,nan,nan,0.45798525977550847,0.6144923659016645,nan
nan,nan,nan,nan,nan,nan,nan,nan,0.45798525977550847,0.6144923659016645,nan
nan,nan,nan,nan,nan,nan,nan,nan,0.6076022327387453,0.6144923659016645,nan
nan,nan,nan,nan,nan,nan,nan,nan,0.6076022327387453,0.6247930066590198,nan
nan,nan,nan,nan,nan,nan,nan,nan,0.6076022327387453,0.6247930066590198,nan
nan,nan,nan,nan,nan,nan,nan,nan,0.6076022327387453,0.6247930066590198,nan
nan,nan,nan,nan,nan,nan,nan,nan,0.6078610261510735,0.6247930066590198,nan
nan,nan,nan,nan,nan,nan,nan,nan,0.6078610261510735,0.6247930066590198,nan
nan,nan,nan,nan,nan,nan,nan,nan,0.6078610261510735,0.6247930066590198,nan
nan,nan,nan,nan,nan,nan,nan,nan,0.6078610261510735,0.6247930066590198,nan
nan,nan,nan,nan,nan,nan,nan,nan,0.6078610261510735,0.6247930066590198,nan
nan,nan,nan,nan,nan,nan,nan,nan,0.5988066079524728,0.6247930066590198,nan
nan,nan,nan,nan,nan,nan,nan,nan,0.5988066079524728,0.6247930066590198,nan
nan,nan,nan,nan,nan,nan,nan,nan,0.5988066079524728,0.6247930066590198,nan
nan,nan,nan,nan,nan,nan,nan,nan,0.5988066079524728,0.6247930066590198,nan
nan,nan,nan,nan,nan,nan,nan,nan,0.5988066079524728,0.6247930066590198,nan
nan,nan,nan,nan,nan,nan,nan,nan,0.5988066079524728,0.6247930066590198,nan
nan,nan,nan,nan,nan,nan,nan,nan,0.5988066079524728,0.6247930066590198,nan
nan,nan,nan,nan,nan,nan,nan,nan,0.5988066079524728,0.6247930066590198,nan
nan,nan,nan,nan,nan,nan,nan,nan,0.5988066079524728,0.6247930066590198,nan
nan,nan,nan,nan,nan,nan,nan,nan,0.5756790160672837,0.6247930066590198,nan
nan,nan,nan,nan,nan,nan,nan,nan,0.5680647401855095,0.6247930066590198,nan
nan,nan,nan,nan,nan,nan,nan,nan,0.5680647401855095,0.6247930066590198,nan
nan,nan,nan,nan,nan,nan,nan,nan,0.5680647401855095,0.6247930066590198,nan
nan,nan,nan,nan,nan,nan,nan,nan,0.535305569201099,0.6247930066590198,nan
nan,nan,nan,nan,nan,nan,nan,nan,0.535305569201099,0.6247930066590198,nan
nan,nan,nan,nan,nan,nan,nan,nan,0.535305569201099,0.6247930066590198,nan
nan,nan,nan,nan,nan,nan,nan,nan,0.535305569201099,0.6247930066590198,nan
nan,nan,nan,nan,nan,nan,nan,nan,0.535305569201099,0.6247930066590198,nan
nan,nan,nan,nan,nan,nan,nan,nan,0.538347045933766,0.6247930066590198,nan
nan,nan,nan,nan,nan,nan,nan,nan,nan,0.6247930066590198,nan
nan,nan,nan,nan,nan,nan,nan,nan,nan,0.6247930066590198,nan
nan,nan,nan,nan,nan,nan,nan,nan,nan,0.6247930066590198,nan
nan,nan,nan,nan,nan,nan,nan,nan,nan,0.6247930066590198,nan
nan,nan,nan,nan,nan,nan,nan,nan,nan,0.6247930066590198,nan
nan,nan,nan,nan,nan,nan,nan,nan,nan,0.6247930066590198,nan
nan,nan,nan,nan,nan,nan,nan,nan,nan,0.6247930066590198,nan
nan,nan,nan,nan,nan,nan,nan,nan,nan,0.6247930066590198,nan
nan,nan,nan,nan,nan,nan,nan,nan,nan,0.6247930066590198,nan
nan,nan,nan,nan,nan,nan,nan,nan,nan,0.6195266069436566,nan
nan,nan,nan,nan,nan,nan,nan,nan,nan,0.6195266069436566,nan
nan,nan,nan,nan,nan,nan,nan,nan,nan,0.6195266069436566,nan
nan,nan,nan,nan,nan,nan,nan,nan,nan,0.6195266069436566,nan
nan,nan,nan,nan,nan,nan,nan,nan,nan,0.6195266069436566,nan
nan,nan,nan,nan,nan,nan,nan,nan,nan,0.6195266069436566,nan
nan,nan,nan,nan,nan,nan,nan,nan,nan,0.6195266069436566,nan
nan,nan,nan,nan,nan,nan,nan,nan,nan,0.6195266069436566,nan
nan,nan,nan,nan,nan,nan,nan,nan,nan,0.6195266069436566,nan
nan,nan,nan,nan,nan,nan,nan,nan,nan,0.6195266069436566,nan
nan,nan,nan,nan,nan,nan,nan,nan,nan,0.6195266069436566,nan
nan,nan,nan,nan,nan,nan,nan,nan,nan,0.6132099607709364,nan
nan,nan,nan,nan,nan,nan,nan,nan,nan,0.6132099607709364,nan
nan,nan,nan,nan,nan,nan,nan,nan,nan,0.6132099607709364,nan
nan,nan,nan,nan,nan,nan,nan,nan,nan,0.6132099607709364,nan
nan,nan,nan,nan,nan,nan,nan,nan,nan,0.58842668587317,nan
nan,nan,nan,nan,nan,nan,nan,nan,nan,0.58842668587317,nan
nan,nan,nan,nan,nan,nan,nan,nan,nan,0.58842668587317,nan
nan,nan,nan,nan,nan,nan,nan,nan,nan,0.6093336884318925,nan
nan,nan,nan,nan,nan,nan,nan,nan,nan,0.6093336884318925,nan
nan,nan,nan,nan,nan,nan,nan,nan,nan,0.6093336884318925,nan
nan,nan,nan,nan,nan,nan,nan,nan,nan,0.6093336884318925,nan
nan,nan,nan,nan,nan,nan,nan,nan,nan,0.6093336884318925,nan
nan,nan,nan,nan,nan,nan,nan,nan,nan,0.6093336884318925,nan
nan,nan,nan,nan,nan,nan,nan,nan,nan,0.6093336884318925,nan
nan,nan,nan,nan,nan,nan,nan,nan,nan,0.6093336884318925,nan
nan,nan,nan,nan,nan,nan,nan,nan,nan,0.6093336884318925,nan
nan,nan,nan,nan,nan,nan,nan,nan,nan,0.6093336884318925,nan
nan,nan,nan,nan,nan,nan,nan,nan,nan,0.6093336884318925,nan
nan,nan,nan,nan,nan,nan,nan,nan,nan,0.6093336884318925,nan
nan,nan,nan,nan,nan,nan,nan,nan,nan,0.6093336884318925,nan
nan,nan,nan,nan,nan,nan,nan,nan,nan,0.6093336884318925,nan
nan,nan,nan,nan,nan,nan,nan,nan,nan,0.7615275580685075,nan
nan,nan,nan,nan,nan,nan,nan,nan,nan,0.7615275580685075,nan
nan,nan,nan,nan,nan,nan,nan,nan,nan,0.7615275580685075,nan
nan,nan,nan,nan,nan,nan,nan,nan,nan,0.7615275580685075,nan
nan,nan,nan,nan,nan,nan,nan,nan,nan,0.7615275580685075,nan
nan,nan,nan,nan,nan,nan,nan,nan,nan,0.7615275580685075,nan
nan,nan,nan,nan,nan,nan,nan,nan,nan,0.7615275580685075,nan
nan,nan,nan,nan,nan,nan,nan,nan,nan,0.7615275580685075,nan
nan,nan,nan,nan,nan,nan,nan,nan,nan,0.7615275580685075,nan
nan,nan,nan,nan,nan,nan,nan,nan,nan,0.7615275580685075,nan
nan,nan,nan,nan,nan,nan,nan,nan,nan,0.7615275580685075,nan
nan,nan,nan,nan,nan,nan,nan,nan,nan,0.7615275580685075,nan
nan,nan,nan,nan,nan,nan,nan,nan,nan,0.7615275580685075,nan
nan,nan,nan,nan,nan,nan,nan,nan,nan,0.7165611151531186,nan
nan,nan,nan,nan,nan,nan,nan,nan,nan,0.7165611151531186,nan
nan,nan,nan,nan,nan,nan,nan,nan,nan,0.7055369058321855,nan
nan,nan,nan,nan,nan,nan,nan,nan,nan,0.7055369058321855,nan
nan,nan,nan,nan,nan,nan,nan,nan,nan,0.7055369058321855,nan
nan,nan,nan,nan,nan,nan,nan,nan,nan,0.7055369058321855,nan
nan,nan,nan,nan,nan,nan,nan,nan,nan,0.7055369058321855,nan
nan,nan,nan,nan,nan,nan,nan,nan,nan,0.7055369058321855,nan
nan,nan,nan,nan,nan,nan,nan,nan,nan,0.7055369058321855,nan
nan,nan,nan,nan,nan,nan,nan,nan,nan,0.7055369058321855,nan
nan,nan,nan,nan,nan,nan,nan,nan,nan,0.6750732564123283,nan
nan,nan,nan,nan,nan,nan,nan,nan,nan,0.6750732564123283,nan
nan,nan,nan,nan,nan,nan,nan,nan,nan,0.6750732564123283,nan
nan,nan,nan,nan,nan,nan,nan,nan,nan,0.6750732564123283,nan
nan,nan,nan,nan,nan,nan,nan,nan,nan,0.6750732564123283,nan
nan,nan,nan,nan,nan,nan,nan,nan,nan,0.6750732564123283,nan
nan,nan,nan,nan,nan,nan,nan,nan,nan,0.6750732564123283,nan
nan,nan,nan,nan,nan,nan,nan,nan,nan,0.6750732564123283,nan
nan,nan,nan,nan,nan,nan,nan,nan,nan,0.6750732564123283,nan
nan,nan,nan,nan,nan,nan,nan,nan,nan,0.7138870283545434,nan
nan,nan,nan,nan,nan,nan,nan,nan,nan,0.7138870283545434,nan
nan,nan,nan,nan,nan,nan,nan,nan,nan,0.7138870283545434,nan
nan,nan,nan,nan,nan,nan,nan,nan,nan,0.7138870283545434,nan
nan,nan,nan,nan,nan,nan,nan,nan,nan,0.7138870283545434,nan
nan,nan,nan,nan,nan,nan,nan,nan,nan,0.7138870283545434,nan
nan,nan,nan,nan,nan,nan,nan,nan,nan,0.7138870283545434,nan
nan,nan,nan,nan,nan,nan,nan,nan,nan,0.7138870283545434,nan
nan,nan,nan,nan,nan,nan,nan,nan,nan,0.7138870283545434,nan
nan,nan,nan,nan,nan,nan,nan,nan,nan,0.7138870283545434,nan
nan,nan,nan,nan,nan,nan,nan,nan,nan,0.7138870283545434,nan
nan,nan,nan,nan,nan,nan,nan,nan,nan,0.7138870283545434,nan
nan,nan,nan,nan,nan,nan,nan,nan,nan,0.7138870283545434,nan
nan,nan,nan,nan,nan,nan,nan,nan,nan,0.7138870283545434,nan
nan,nan,nan,nan,nan,nan,nan,nan,nan,0.7138870283545434,nan
nan,nan,nan,nan,nan,nan,nan,nan,nan,0.593968535085614,nan
nan,nan,nan,nan,nan,nan,nan,nan,nan,0.593968535085614,nan
nan,nan,nan,nan,nan,nan,nan,nan,nan,0.593968535085614,nan
nan,nan,nan,nan,nan,nan,nan,nan,nan,0.593968535085614,nan
nan,nan,nan,nan,nan,nan,nan,nan,nan,0.593968535085614,nan
nan,nan,nan,nan,nan,nan,nan,nan,nan,0.593968535085614,nan
nan,nan,nan,nan,nan,nan,nan,nan,nan,0.593968535085614,nan
nan,nan,nan,nan,nan,nan,nan,nan,nan,0.5991847259193738,nan
nan,nan,nan,nan,nan,nan,nan,nan,nan,0.5991847259193738,nan
nan,nan,nan,nan,nan,nan,nan,nan,nan,0.5991847259193738,nan
nan,nan,nan,nan,nan,nan,nan,nan,nan,0.61916690285257,nan
nan,nan,nan,nan,nan,nan,nan,nan,nan,0.61916690285257,nan
nan,nan,nan,nan,nan,nan,nan,nan,nan,0.6560265565570546,nan
nan,nan,nan,nan,nan,nan,nan,nan,nan,0.6560265565570546,nan
nan,nan,nan,nan,nan,nan,nan,nan,nan,0.6560265565570546,nan
nan,nan,nan,nan,nan,nan,nan,nan,nan,0.6560265565570546,nan
nan,nan,nan,nan,nan,nan,nan,nan,nan,0.6560265565570546,nan
nan,nan,nan,nan,nan,nan,nan,nan,nan,0.6560265565570546,nan
nan,nan,nan,nan,nan,nan,nan,nan,nan,0.6560265565570546,nan
nan,nan,nan,nan,nan,nan,nan,nan,nan,0.6560265565570546,nan
nan,nan,nan,nan,nan,nan,nan,nan,nan,0.6560265565570546,nan
nan,nan,nan,nan,nan,nan,nan,nan,nan,0.6560265565570546,nan
nan,nan,nan,nan,nan,nan,nan,nan,nan,0.6560265565570546,nan
nan,nan,nan,nan,nan,nan,nan,nan,nan,0.6560265565570546,nan
nan,nan,nan,nan,nan,nan,nan,nan,nan,0.6560265565570546,nan
nan,nan,nan,nan,nan,nan,nan,nan,nan,0.6560265565570546,nan
nan,nan,nan,nan,nan,nan,nan,nan,nan,0.6560265565570546,nan
nan,nan,nan,nan,nan,nan,nan,nan,nan,0.6560265565570546,nan
nan,nan,nan,nan,nan,nan,nan,nan,nan,0.6560265565570546,nan
nan,nan,nan,nan,nan,nan,nan,nan,nan,0.6560265565570546,nan
nan,nan,nan,nan,nan,nan,nan,nan,nan,0.6560265565570546,nan
nan,nan,nan,nan,nan,nan,nan,nan,nan,0.45174817508245246,nan
nan,nan,nan,nan,nan,nan,nan,nan,nan,0.45174817508245246,nan
nan,nan,nan,nan,nan,nan,nan,nan,nan,0.45174817508245246,nan
nan,nan,nan,nan,nan,nan,nan,nan,nan,0.45174817508245246,nan
nan,nan,nan,nan,nan,nan,nan,nan,nan,0.45007585401154376,nan
nan,nan,nan,nan,nan,nan,nan,nan,nan,nan,nan
nan,nan,nan,nan,nan,nan,nan,nan,nan,nan,nan
nan,nan,nan,nan,nan,nan,nan,nan,nan,nan,nan
nan,nan,nan,nan,nan,nan,nan,nan,nan,nan,nan
nan,nan,nan,nan,nan,nan,nan,nan,nan,nan,nan
nan,nan,nan,nan,nan,nan,nan,nan,nan,nan,nan
nan,nan,nan,nan,nan,nan,nan,nan,nan,nan,nan
nan,nan,nan,nan,nan,nan,nan,nan,nan,nan,nan
nan,nan,nan,nan,nan,nan,nan,nan,nan,nan,nan
nan,nan,nan,nan,nan,nan,nan,nan,nan,nan,nan
nan,nan,nan,nan,nan,nan,nan,nan,nan,nan,nan
nan,nan,nan,nan,nan,nan,nan,nan,nan,nan,nan
nan,nan,nan,nan,nan,nan,nan,nan,nan,nan,nan
nan,nan,nan,nan,nan,nan,nan,nan,nan,nan,nan
nan,nan,nan,nan,nan,nan,nan,nan,nan,nan,nan
nan,nan,nan,nan,nan,nan,nan,nan,nan,nan,nan
nan,nan,nan,nan,nan,nan,nan,nan,nan,nan,nan
nan,nan,nan,nan,nan,nan,nan,nan,nan,nan,nan
nan,nan,nan,nan,nan,nan,nan,nan,nan,nan,nan
nan,nan,nan,nan,nan,nan,nan,nan,nan,nan,nan
nan,nan,nan,nan,nan,nan,nan,nan,nan,nan,nan
nan,nan,nan,nan,nan,nan,nan,nan,nan,nan,nan
nan,nan,nan,nan,nan,nan,nan,nan,nan,nan,nan
nan,nan,nan,nan,nan,nan,nan,nan,nan,nan,nan
nan,nan,nan,nan,nan,nan,nan,nan,nan,nan,nan
nan,nan,nan,nan,nan,nan,nan,nan,nan,nan,nan
nan,nan,nan,nan,nan,nan,nan,nan,nan,nan,nan
nan,nan,nan,nan,nan,nan,nan,nan,nan,nan,nan
nan,nan,nan,nan,nan,nan,nan,nan,nan,nan,nan
nan,nan,nan,nan,nan,nan,nan,nan,nan,nan,nan
nan,nan,nan,nan,nan,nan,nan,nan,nan,nan,nan
nan,nan,nan,nan,nan,nan,nan,nan,nan,nan,nan
nan,nan,nan,nan,nan,nan,nan,nan,nan,nan,nan
nan,nan,nan,nan,nan,nan,nan,nan,nan,nan,nan
nan,nan,nan,nan,nan,nan,nan,nan,nan,nan,nan
nan,nan,nan,nan,nan,nan,nan,nan,nan,nan,nan
nan,nan,nan,nan,nan,nan,nan,nan,nan,nan,nan
nan,nan,nan,nan,nan,nan,nan,nan,nan,nan,nan
nan,nan,nan,nan,nan,nan,nan,nan,nan,nan,nan
nan,nan,nan,nan,nan,nan,nan,nan,nan,nan,nan
nan,nan,nan,nan,nan,nan,nan,nan,nan,nan,nan
nan,nan,nan,nan,nan,nan,nan,nan,nan,nan,nan
nan,nan,nan,nan,nan,nan,nan,nan,nan,nan,nan
nan,nan,nan,nan,nan,nan,nan,nan,nan,nan,nan
nan,nan,nan,nan,nan,nan,nan,nan,nan,nan,nan
nan,nan,nan,nan,nan,nan,nan,nan,nan,nan,nan
nan,nan,nan,nan,nan,nan,nan,nan,nan,nan,nan
nan,nan,nan,nan,nan,nan,nan,nan,nan,nan,nan
nan,nan,nan,nan,nan,nan,nan,nan,nan,nan,nan
nan,nan,nan,nan,nan,nan,nan,nan,nan,nan,nan
nan,nan,nan,nan,nan,nan,nan,nan,nan,nan,nan
nan,nan,nan,nan,nan,nan,nan,nan,nan,nan,nan
nan,nan,nan,nan,nan,nan,nan,nan,nan,nan,nan
nan,nan,nan,nan,nan,nan,nan,nan,nan,nan,nan
nan,nan,nan,nan,nan,nan,nan,nan,nan,nan,nan
nan,nan,nan,nan,nan,nan,nan,nan,nan,nan,nan
nan,nan,nan,nan,nan,nan,nan,nan,nan,nan,nan
nan,nan,nan,nan,nan,nan,nan,nan,nan,nan,nan
nan,nan,nan,nan,nan,nan,nan,nan,nan,nan,nan
nan,nan,nan,nan,nan,nan,nan,nan,nan,nan,nan
nan,nan,nan,nan,nan,nan,nan,nan,nan,nan,nan
nan,nan,nan,nan,nan,nan,nan,nan,nan,nan,nan
nan,nan,nan,nan,nan,nan,nan,nan,nan,nan,nan
nan,nan,nan,nan,nan,nan,nan,nan,nan,nan,nan
nan,nan,nan,nan,nan,nan,nan,nan,nan,nan,nan
nan,nan,nan,nan,nan,nan,nan,nan,nan,nan,nan
nan,nan,nan,nan,nan,nan,nan,nan,nan,nan,nan
nan,nan,nan,nan,nan,nan,nan,nan,nan,nan,nan
nan,nan,nan,nan,nan,nan,nan,nan,nan,nan,nan
nan,nan,nan,nan,nan,nan,nan,nan,nan,nan,nan
nan,nan,nan,nan,nan,nan,nan,nan,nan,nan,nan
nan,nan,nan,nan,nan,nan,nan,nan,nan,nan,nan
nan,nan,nan,nan,nan,nan,nan,nan,nan,nan,nan
nan,nan,nan,nan,nan,nan,nan,nan,nan,nan,nan
nan,nan,nan,nan,nan,nan,nan,nan,nan,nan,nan
nan,nan,nan,nan,nan,nan,nan,nan,nan,nan,nan
nan,nan,nan,nan,nan,nan,nan,nan,nan,nan,nan
nan,nan,nan,nan,nan,nan,nan,nan,nan,nan,nan
nan,nan,nan,nan,nan,nan,nan,nan,nan,nan,nan
nan,nan,nan,nan,nan,nan,nan,nan,nan,nan,nan
nan,nan,nan,nan,nan,nan,nan,nan,nan,nan,nan
nan,nan,nan,nan,nan,nan,nan,nan,nan,nan,nan
nan,nan,nan,nan,nan,nan,nan,nan,nan,nan,nan
nan,nan,nan,nan,nan,nan,nan,nan,nan,nan,nan
nan,nan,nan,nan,nan,nan,nan,nan,nan,nan,nan
nan,nan,nan,nan,nan,nan,nan,nan,nan,nan,nan
nan,nan,nan,nan,nan,nan,nan,nan,nan,nan,nan
nan,nan,nan,nan,nan,nan,nan,nan,nan,nan,nan
nan,nan,nan,nan,nan,nan,nan,nan,nan,nan,nan
nan,nan,nan,nan,nan,nan,nan,nan,nan,nan,nan
nan,nan,nan,nan,nan,nan,nan,nan,nan,nan,nan
nan,nan,nan,nan,nan,nan,nan,nan,nan,nan,nan
nan,nan,nan,nan,nan,nan,nan,nan,nan,nan,nan
nan,nan,nan,nan,nan,nan,nan,nan,nan,nan,nan
nan,nan,nan,nan,nan,nan,nan,nan,nan,nan,nan
nan,nan,nan,nan,nan,nan,nan,nan,nan,nan,nan
nan,nan,nan,nan,nan,nan,nan,nan,nan,nan,nan
nan,nan,nan,nan,nan,nan,nan,nan,nan,nan,nan
nan,nan,nan,nan,nan,nan,nan,nan,nan,nan,nan
nan,nan,nan,nan,nan,nan,nan,nan,nan,nan,nan
nan,nan,nan,nan,nan,nan,nan,nan,nan,nan,nan
nan,nan,nan,nan,nan,nan,nan,nan,nan,nan,nan
nan,nan,nan,nan,nan,nan,nan,nan,nan,nan,nan
nan,nan,nan,nan,nan,nan,nan,nan,nan,nan,nan
nan,nan,nan,nan,nan,nan,nan,nan,nan,nan,nan
nan,nan,nan,nan,nan,nan,nan,nan,nan,nan,nan
nan,nan,nan,nan,nan,nan,nan,nan,nan,nan,nan
nan,nan,nan,nan,nan,nan,nan,nan,nan,nan,nan
nan,nan,nan,nan,nan,nan,nan,nan,nan,nan,nan
nan,nan,nan,nan,nan,nan,nan,nan,nan,nan,nan
nan,nan,nan,nan,nan,nan,nan,nan,nan,nan,nan
nan,nan,nan,nan,nan,nan,nan,nan,nan,nan,nan
nan,nan,nan,nan,nan,nan,nan,nan,nan,nan,nan
nan,nan,nan,nan,nan,nan,nan,nan,nan,nan,nan
nan,nan,nan,nan,nan,nan,nan,nan,nan,nan,nan
nan,nan,nan,nan,nan,nan,nan,nan,nan,nan,nan
nan,nan,nan,nan,nan,nan,nan,nan,nan,nan,nan
nan,nan,nan,nan,nan,nan,nan,nan,nan,nan,nan
nan,nan,nan,nan,nan,nan,nan,nan,nan,nan,nan
nan,nan,nan,nan,nan,nan,nan,nan,nan,nan,nan
nan,nan,nan,nan,nan,nan,nan,nan,nan,nan,nan
nan,nan,nan,nan,nan,nan,nan,nan,nan,nan,nan
nan,nan,nan,nan,nan,nan,nan,nan,nan,nan,nan
nan,nan,nan,nan,nan,nan,nan,nan,nan,nan,nan
nan,nan,nan,nan,nan,nan,nan,nan,nan,nan,nan
nan,nan,nan,nan,nan,nan,nan,nan,nan,nan,nan
nan,nan,nan,nan,nan,nan,nan,nan,nan,nan,nan
nan,nan,nan,nan,nan,nan,nan,nan,nan,nan,nan
nan,nan,nan,nan,nan,nan,nan,nan,nan,nan,nan
nan,nan,nan,nan,nan,nan,nan,nan,nan,nan,nan
nan,nan,nan,nan,nan,nan,nan,nan,nan,nan,nan
nan,nan,nan,nan,nan,nan,nan,nan,nan,nan,nan
nan,nan,nan,nan,nan,nan,nan,nan,nan,nan,nan
nan,nan,nan,nan,nan,nan,nan,nan,nan,nan,nan
nan,nan,nan,nan,nan,nan,nan,nan,nan,nan,nan
nan,nan,nan,nan,nan,nan,nan,nan,nan,nan,nan
nan,nan,nan,nan,nan,nan,nan,nan,nan,nan,nan
nan,nan,nan,nan,nan,nan,nan,nan,nan,nan,nan
nan,nan,nan,nan,nan,nan,nan,nan,nan,nan,nan
nan,nan,nan,nan,nan,nan,nan,nan,nan,nan,nan
nan,nan,nan,nan,nan,nan,nan,nan,nan,nan,nan
nan,nan,nan,nan,nan,nan,nan,nan,nan,nan,nan
nan,nan,nan,nan,nan,nan,nan,nan,nan,nan,nan
nan,nan,nan,nan,nan,nan,nan,nan,nan,nan,nan
nan,nan,nan,nan,nan,nan,nan,nan,nan,nan,nan
nan,nan,nan,nan,nan,nan,nan,nan,nan,nan,nan
nan,nan,nan,nan,nan,nan,nan,nan,nan,nan,nan
nan,nan,nan,nan,nan,nan,nan,nan,nan,nan,nan
nan,nan,nan,nan,nan,nan,nan,nan,nan,nan,nan
nan,nan,nan,nan,nan,nan,nan,nan,nan,nan,nan
nan,nan,nan,nan,nan,nan,nan,nan,nan,nan,nan
nan,nan,nan,nan,nan,nan,nan,nan,nan,nan,nan
nan,nan,nan,nan,nan,nan,nan,nan,nan,nan,nan
nan,nan,nan,nan,nan,nan,nan,nan,nan,nan,nan
nan,nan,nan,nan,nan,nan,nan,nan,nan,nan,nan
nan,nan,nan,nan,nan,nan,nan,nan,nan,nan,nan
nan,nan,nan,nan,nan,nan,nan,nan,nan,nan,nan
nan,nan,nan,nan,nan,nan,nan,nan,nan,nan,nan
nan,nan,nan,nan,nan,nan,nan,nan,nan,nan,nan
nan,nan,nan,nan,nan,nan,nan,nan,nan,nan,nan
nan,nan,nan,nan,nan,nan,nan,nan,nan,nan,nan
nan,nan,nan,nan,nan,nan,nan,nan,nan,nan,nan
nan,nan,nan,nan,nan,nan,nan,nan,nan,nan,nan
nan,nan,nan,nan,nan,nan,nan,nan,nan,nan,nan
nan,nan,nan,nan,nan,nan,nan,nan,nan,nan,nan
nan,nan,nan,nan,nan,nan,nan,nan,nan,nan,nan
nan,nan,nan,nan,nan,nan,nan,nan,nan,nan,nan
nan,nan,nan,nan,nan,nan,nan,nan,nan,nan,nan
nan,nan,nan,nan,nan,nan,nan,nan,nan,nan,nan
nan,nan,nan,nan,nan,nan,nan,nan,nan,nan,nan
nan,nan,nan,nan,nan,nan,nan,nan,nan,nan,nan
nan,nan,nan,nan,nan,nan,nan,nan,nan,nan,nan
nan,nan,nan,nan,nan,nan,nan,nan,nan,nan,nan
nan,nan,nan,nan,nan,nan,nan,nan,nan,nan,nan
nan,nan,nan,nan,nan,nan,nan,nan,nan,nan,nan
nan,nan,nan,nan,nan,nan,nan,nan,nan,nan,nan
nan,nan,nan,nan,nan,nan,nan,nan,nan,nan,nan
nan,nan,nan,nan,nan,nan,nan,nan,nan,nan,nan
nan,nan,nan,nan,nan,nan,nan,nan,nan,nan,nan
nan,nan,nan,nan,nan,nan,nan,nan,nan,nan,nan
nan,nan,nan,nan,nan,nan,nan,nan,nan,nan,nan
nan,nan,nan,nan,nan,nan,nan,nan,nan,nan,nan
nan,nan,nan,nan,nan,nan,nan,nan,nan,nan,nan
nan,nan,nan,nan,nan,nan,nan,nan,nan,nan,nan
nan,nan,nan,nan,nan,nan,nan,nan,nan,nan,nan
nan,nan,nan,nan,nan,nan,nan,nan,nan,nan,nan
nan,nan,nan,nan,nan,nan,nan,nan,nan,nan,nan
nan,nan,nan,nan,nan,nan,nan,nan,nan,nan,nan
nan,nan,nan,nan,nan,nan,nan,nan,nan,nan,nan
nan,nan,nan,nan,nan,nan,nan,nan,nan,nan,nan
nan,nan,nan,nan,nan,nan,nan,nan,nan,nan,nan
nan,nan,nan,nan,nan,nan,nan,nan,nan,nan,nan
nan,nan,nan,nan,nan,nan,nan,nan,nan,nan,nan
nan,nan,nan,nan,nan,nan,nan,nan,nan,nan,nan
nan,nan,nan,nan,nan,nan,nan,nan,nan,nan,nan
nan,nan,nan,nan,nan,nan,nan,nan,nan,nan,nan
nan,nan,nan,nan,nan,nan,nan,nan,nan,nan,nan
nan,nan,nan,nan,nan,nan,nan,nan,nan,nan,nan
nan,nan,nan,nan,nan,nan,nan,nan,nan,nan,nan
nan,nan,nan,nan,nan,nan,nan,nan,nan,nan,nan
nan,nan,nan,nan,nan,nan,nan,nan,nan,nan,nan
nan,nan,nan,nan,nan,nan,nan,nan,nan,nan,nan
nan,nan,nan,nan,nan,nan,nan,nan,nan,nan,nan
nan,nan,nan,nan,nan,nan,nan,nan,nan,nan,nan
nan,nan,nan,nan,nan,nan,nan,nan,nan,nan,nan
nan,nan,nan,nan,nan,nan,nan,nan,nan,nan,nan
nan,nan,nan,nan,nan,nan,nan,nan,nan,nan,nan
nan,nan,nan,nan,nan,nan,nan,nan,nan,nan,nan
nan,nan,nan,nan,nan,nan,nan,nan,nan,nan,nan
nan,nan,nan,nan,nan,nan,nan,nan,nan,nan,nan
nan,nan,nan,nan,nan,nan,nan,nan,nan,nan,nan
nan,nan,nan,nan,nan,nan,nan,nan,nan,nan,nan
nan,nan,nan,nan,nan,nan,nan,nan,nan,nan,nan
nan,nan,nan,nan,nan,nan,nan,nan,nan,nan,nan
nan,nan,nan,nan,nan,nan,nan,nan,nan,nan,nan
nan,nan,nan,nan,nan,nan,nan,nan,nan,nan,nan
nan,nan,nan,nan,nan,nan,nan,nan,nan,nan,nan
nan,nan,nan,nan,nan,nan,nan,nan,nan,nan,nan
nan,nan,nan,nan,nan,nan,nan,nan,nan,nan,nan
nan,nan,nan,nan,nan,nan,nan,nan,nan,nan,nan
nan,nan,nan,nan,nan,nan,nan,nan,nan,nan,nan
nan,nan,nan,nan,nan,nan,nan,nan,nan,nan,nan
nan,nan,nan,nan,nan,nan,nan,nan,nan,nan,nan
nan,nan,nan,nan,nan,nan,nan,nan,nan,nan,nan
nan,nan,nan,nan,nan,nan,nan,nan,nan,nan,nan
nan,nan,nan,nan,nan,nan,nan,nan,nan,nan,nan
nan,nan,nan,nan,nan,nan,nan,nan,nan,nan,nan
nan,nan,nan,nan,nan,nan,nan,nan,nan,nan,nan
nan,nan,nan,nan,nan,nan,nan,nan,nan,nan,nan
nan,nan,nan,nan,nan,nan,nan,nan,nan,nan,nan
nan,nan,nan,nan,nan,nan,nan,nan,nan,nan,nan
nan,nan,nan,nan,nan,nan,nan,nan,nan,nan,nan
nan,nan,nan,nan,nan,nan,nan,nan,nan,nan,nan
nan,nan,nan,nan,nan,nan,nan,nan,nan,nan,nan
nan,nan,nan,nan,nan,nan,nan,nan,nan,nan,nan
nan,nan,nan,nan,nan,nan,nan,nan,nan,nan,nan
nan,nan,nan,nan,nan,nan,nan,nan,nan,nan,nan
nan,nan,nan,nan,nan,nan,nan,nan,nan,nan,nan
nan,nan,nan,nan,nan,nan,nan,nan,nan,nan,nan
nan,nan,nan,nan,nan,nan,nan,nan,nan,nan,nan
nan,nan,nan,nan,nan,nan,nan,nan,nan,nan,nan
nan,nan,nan,nan,nan,nan,nan,nan,nan,nan,nan
nan,nan,nan,nan,nan,nan,nan,nan,nan,nan,nan
nan,nan,nan,nan,nan,nan,nan,nan,nan,nan,nan
nan,nan,nan,nan,nan,nan,nan,nan,nan,nan,nan
nan,nan,nan,nan,nan,nan,nan,nan,nan,nan,nan
nan,nan,nan,nan,nan,nan,nan,nan,nan,nan,nan
nan,nan,nan,nan,nan,nan,nan,nan,nan,nan,nan
nan,nan,nan,nan,nan,nan,nan,nan,nan,nan,nan
nan,nan,nan,nan,nan,nan,nan,nan,nan,nan,nan
nan,nan,nan,nan,nan,nan,nan,nan,nan,nan,nan
nan,nan,nan,nan,nan,nan,nan,nan,nan,nan,nan
nan,nan,nan,nan,nan,nan,nan,nan,nan,nan,nan
nan,nan,nan,nan,nan,nan,nan,nan,nan,nan,nan
nan,nan,nan,nan,nan,nan,nan,nan,nan,nan,nan
nan,nan,nan,nan,nan,nan,nan,nan,nan,nan,nan
nan,nan,nan,nan,nan,nan,nan,nan,nan,nan,nan
nan,nan,nan,nan,nan,nan,nan,nan,nan,nan,nan
nan,nan,nan,nan,nan,nan,nan,nan,nan,nan,nan
nan,nan,nan,nan,nan,nan,nan,nan,nan,nan,nan
nan,nan,nan,nan,nan,nan,nan,nan,nan,nan,nan
nan,nan,nan,nan,nan,nan,nan,nan,nan,nan,nan
nan,nan,nan,nan,nan,nan,nan,nan,nan,nan,nan
nan,nan,nan,nan,nan,nan,nan,nan,nan,nan,nan
nan,nan,nan,nan,nan,nan,nan,nan,nan,nan,nan
nan,nan,nan,nan,nan,nan,nan,nan,nan,nan,nan
nan,nan,nan,nan,nan,nan,nan,nan,nan,nan,nan
nan,nan,nan,nan,nan,nan,nan,nan,nan,nan,nan
nan,nan,nan,nan,nan,nan,nan,nan,nan,nan,nan
nan,nan,nan,nan,nan,nan,nan,nan,nan,nan,nan
nan,nan,nan,nan,nan,nan,nan,nan,nan,nan,nan
nan,nan,nan,nan,nan,nan,nan,nan,nan,nan,nan
nan,nan,nan,nan,nan,nan,nan,nan,nan,nan,nan
nan,nan,nan,nan,nan,nan,nan,nan,nan,nan,nan
nan,nan,nan,nan,nan,nan,nan,nan,nan,nan,nan
nan,nan,nan,nan,nan,nan,nan,nan,nan,nan,nan
nan,nan,nan,nan,nan,nan,nan,nan,nan,nan,nan
nan,nan,nan,nan,nan,nan,nan,nan,nan,nan,nan
nan,nan,nan,nan,nan,nan,nan,nan,nan,nan,nan
nan,nan,nan,nan,nan,nan,nan,nan,nan,nan,nan
nan,nan,nan,nan,nan,nan,nan,nan,nan,nan,nan
nan,nan,nan,nan,nan,nan,nan,nan,nan,nan,nan
nan,nan,nan,nan,nan,nan,nan,nan,nan,nan,nan
nan,nan,nan,nan,nan,nan,nan,nan,nan,nan,nan
nan,nan,nan,nan,nan,nan,nan,nan,nan,nan,nan
nan,nan,nan,nan,nan,nan,nan,nan,nan,nan,nan
nan,nan,nan,nan,nan,nan,nan,nan,nan,nan,nan
nan,nan,nan,nan,nan,nan,nan,nan,nan,nan,nan
nan,nan,nan,nan,nan,nan,nan,nan,nan,nan,nan
nan,nan,nan,nan,nan,nan,nan,nan,nan,nan,nan
nan,nan,nan,nan,nan,nan,nan,nan,nan,nan,nan
nan,nan,nan,nan,nan,nan,nan,nan,nan,nan,nan
nan,nan,nan,nan,nan,nan,nan,nan,nan,nan,nan
nan,nan,nan,nan,nan,nan,nan,nan,nan,nan,nan
nan,nan,nan,nan,nan,nan,nan,nan,nan,nan,nan
nan,nan,nan,nan,nan,nan,nan,nan,nan,nan,nan
nan,nan,nan,nan,nan,nan,nan,nan,nan,nan,nan
nan,nan,nan,nan,nan,nan,nan,nan,nan,nan,nan
nan,nan,nan,nan,nan,nan,nan,nan,nan,nan,nan
nan,nan,nan,nan,nan,nan,nan,nan,nan,nan,nan
nan,nan,nan,nan,nan,nan,nan,nan,nan,nan,nan
nan,nan,nan,nan,nan,nan,nan,nan,nan,nan,nan
nan,nan,nan,nan,nan,nan,nan,nan,nan,nan,nan
nan,nan,nan,nan,nan,nan,nan,nan,nan,nan,nan
nan,nan,nan,nan,nan,nan,nan,nan,nan,nan,nan
nan,nan,nan,nan,nan,nan,nan,nan,nan,nan,nan
nan,nan,nan,nan,nan,nan,nan,nan,nan,nan,nan
nan,nan,nan,nan,nan,nan,nan,nan,nan,nan,nan
nan,nan,nan,nan,nan,nan,nan,nan,nan,nan,nan
nan,nan,nan,nan,nan,nan,nan,nan,nan,nan,nan
nan,nan,nan,nan,nan,nan,nan,nan,nan,nan,nan
nan,nan,nan,nan,nan,nan,nan,nan,nan,nan,nan
nan,nan,nan,nan,nan,nan,nan,nan,nan,nan,nan
nan,nan,nan,nan,nan,nan,nan,nan,nan,nan,nan
nan,nan,nan,nan,nan,nan,nan,nan,nan,nan,nan
nan,nan,nan,nan,nan,nan,nan,nan,nan,nan,nan
nan,nan,nan,nan,nan,nan,nan,nan,nan,nan,nan
nan,nan,nan,nan,nan,nan,nan,nan,nan,nan,nan
nan,nan,nan,nan,nan,nan,nan,nan,nan,nan,nan
nan,nan,nan,nan,nan,nan,nan,nan,nan,nan,nan
nan,nan,nan,nan,nan,nan,nan,nan,nan,nan,nan
nan,nan,nan,nan,nan,nan,nan,nan,nan,nan,nan
nan,nan,nan,nan,nan,nan,nan,nan,nan,nan,nan
nan,nan,nan,nan,nan,nan,nan,nan,nan,nan,nan
nan,nan,nan,nan,nan,nan,nan,nan,nan,nan,nan
nan,nan,nan,nan,nan,nan,nan,nan,nan,nan,nan
nan,nan,nan,nan,nan,nan,nan,nan,nan,nan,nan
nan,nan,nan,nan,nan,nan,nan,nan,nan,nan,nan
nan,nan,nan,nan,nan,nan,nan,nan,nan,nan,nan
nan,nan,nan,nan,nan,nan,nan,nan,nan,nan,nan
nan,nan,nan,nan,nan,nan,nan,nan,nan,nan,nan
nan,nan,nan,nan,nan,nan,nan,nan,nan,nan,nan
nan,nan,nan,nan,nan,nan,nan,nan,nan,nan,nan
nan,nan,nan,nan,nan,nan,nan,nan,nan,nan,nan
nan,nan,nan,nan,nan,nan,nan,nan,nan,nan,nan
nan,nan,nan,nan,nan,nan,nan,nan,nan,nan,nan
nan,nan,nan,nan,nan,nan,nan,nan,nan,nan,nan
nan,nan,nan,nan,nan,nan,nan,nan,nan,nan,nan
nan,nan,nan,nan,nan,nan,nan,nan,nan,nan,nan
nan,nan,nan,nan,nan,nan,nan,nan,nan,nan,nan
nan,nan,nan,nan,nan,nan,nan,nan,nan,nan,nan
nan,nan,nan,nan,nan,nan,nan,nan,nan,nan,nan
nan,nan,nan,nan,nan,nan,nan,nan,nan,nan,nan
nan,nan,nan,nan,nan,nan,nan,nan,nan,nan,nan
nan,nan,nan,nan,nan,nan,nan,nan,nan,nan,nan
nan,nan,nan,nan,nan,nan,nan,nan,nan,nan,nan
nan,nan,nan,nan,nan,nan,nan,nan,nan,nan,nan
nan,nan,nan,nan,nan,nan,nan,nan,nan,nan,nan
nan,nan,nan,nan,nan,nan,nan,nan,nan,nan,nan
nan,nan,nan,nan,nan,nan,nan,nan,nan,nan,nan
nan,nan,nan,nan,nan,nan,nan,nan,nan,nan,nan
nan,nan,nan,nan,nan,nan,nan,nan,nan,nan,nan
nan,nan,nan,nan,nan,nan,nan,nan,nan,nan,nan
nan,nan,nan,nan,nan,nan,nan,nan,nan,nan,nan
nan,nan,nan,nan,nan,nan,nan,nan,nan,nan,nan
nan,nan,nan,nan,nan,nan,nan,nan,nan,nan,nan
nan,nan,nan,nan,nan,nan,nan,nan,nan,nan,nan
nan,nan,nan,nan,nan,nan,nan,nan,nan,nan,nan
nan,nan,nan,nan,nan,nan,nan,nan,nan,nan,nan
nan,nan,nan,nan,nan,nan,nan,nan,nan,nan,nan
nan,nan,nan,nan,nan,nan,nan,nan,nan,nan,nan
nan,nan,nan,nan,nan,nan,nan,nan,nan,nan,nan
nan,nan,nan,nan,nan,nan,nan,nan,nan,nan,nan
nan,nan,nan,nan,nan,nan,nan,nan,nan,nan,nan
nan,nan,nan,nan,nan,nan,nan,nan,nan,nan,nan
nan,nan,nan,nan,nan,nan,nan,nan,nan,nan,nan
nan,nan,nan,nan,nan,nan,nan,nan,nan,nan,nan
nan,nan,nan,nan,nan,nan,nan,nan,nan,nan,nan
nan,nan,nan,nan,nan,nan,nan,nan,nan,nan,nan
nan,nan,nan,nan,nan,nan,nan,nan,nan,nan,nan
nan,nan,nan,nan,nan,nan,nan,nan,nan,nan,nan
nan,nan,nan,nan,nan,nan,nan,nan,nan,nan,nan
nan,nan,nan,nan,nan,nan,nan,nan,nan,nan,nan
nan,nan,nan,nan,nan,nan,nan,nan,nan,nan,nan
nan,nan,nan,nan,nan,nan,nan,nan,nan,nan,nan
nan,nan,nan,nan,nan,nan,nan,nan,nan,nan,nan
nan,nan,nan,nan,nan,nan,nan,nan,nan,nan,nan
nan,nan,nan,nan,nan,nan,nan,nan,nan,nan,nan
nan,nan,nan,nan,nan,nan,nan,nan,nan,nan,nan
nan,nan,nan,nan,nan,nan,nan,nan,nan,nan,nan
nan,nan,nan,nan,nan,nan,nan,nan,nan,nan,nan
nan,nan,nan,nan,nan,nan,nan,nan,nan,nan,nan
nan,nan,nan,nan,nan,nan,nan,nan,nan,nan,nan
nan,nan,nan,nan,nan,nan,nan,nan,nan,nan,nan
nan,nan,nan,nan,nan,nan,nan,nan,nan,nan,nan
nan,nan,nan,nan,nan,nan,nan,nan,nan,nan,nan
nan,nan,nan,nan,nan,nan,nan,nan,nan,nan,nan
nan,nan,nan,nan,nan,nan,nan,nan,nan,nan,nan
nan,nan,nan,nan,nan,nan,nan,nan,nan,nan,nan
nan,nan,nan,nan,nan,nan,nan,nan,nan,nan,nan
nan,nan,nan,nan,nan,nan,nan,nan,nan,nan,nan
nan,nan,nan,nan,nan,nan,nan,nan,nan,nan,nan
nan,nan,nan,nan,nan,nan,nan,nan,nan,nan,nan
nan,nan,nan,nan,nan,nan,nan,nan,nan,nan,nan
nan,nan,nan,nan,nan,nan,nan,nan,nan,nan,nan
nan,nan,nan,nan,nan,nan,nan,nan,nan,nan,nan
nan,nan,nan,nan,nan,nan,nan,nan,nan,nan,nan
nan,nan,nan,nan,nan,nan,nan,nan,nan,nan,nan
nan,nan,nan,nan,nan,nan,nan,nan,nan,nan,nan
nan,nan,nan,nan,nan,nan,nan,nan,nan,nan,nan
nan,nan,nan,nan,nan,nan,nan,nan,nan,nan,nan
nan,nan,nan,nan,nan,nan,nan,nan,nan,nan,nan
nan,nan,nan,nan,nan,nan,nan,nan,nan,nan,nan
nan,nan,nan,nan,nan,nan,nan,nan,nan,nan,nan
nan,nan,nan,nan,nan,nan,nan,nan,nan,nan,nan
nan,nan,nan,nan,nan,nan,nan,nan,nan,nan,nan
nan,nan,nan,nan,nan,nan,nan,nan,nan,nan,nan
nan,nan,nan,nan,nan,nan,nan,nan,nan,nan,nan
nan,nan,nan,nan,nan,nan,nan,nan,nan,nan,nan
nan,nan,nan,nan,nan,nan,nan,nan,nan,nan,nan
nan,nan,nan,nan,nan,nan,nan,nan,nan,nan,nan
nan,nan,nan,nan,nan,nan,nan,nan,nan,nan,nan
nan,nan,nan,nan,nan,nan,nan,nan,nan,nan,nan
nan,nan,nan,nan,nan,nan,nan,nan,nan,nan,nan
nan,nan,nan,nan,nan,nan,nan,nan,nan,nan,nan
nan,nan,nan,nan,nan,nan,nan,nan,nan,nan,nan
nan,nan,nan,nan,nan,nan,nan,nan,nan,nan,nan
nan,nan,nan,nan,nan,nan,nan,nan,nan,nan,nan
nan,nan,nan,nan,nan,nan,nan,nan,nan,nan,nan
nan,nan,nan,nan,nan,nan,nan,nan,nan,nan,nan
nan,nan,nan,nan,nan,nan,nan,nan,nan,nan,nan
nan,nan,nan,nan,nan,nan,nan,nan,nan,nan,nan
nan,nan,nan,nan,nan,nan,nan,nan,nan,nan,nan
nan,nan,nan,nan,nan,nan,nan,nan,nan,nan,nan
nan,nan,nan,nan,nan,nan,nan,nan,nan,nan,nan
nan,nan,nan,nan,nan,nan,nan,nan,nan,nan,nan
nan,nan,nan,nan,nan,nan,nan,nan,nan,nan,nan
nan,nan,nan,nan,nan,nan,nan,nan,nan,nan,nan
nan,nan,nan,nan,nan,nan,nan,nan,nan,nan,nan
nan,nan,nan,nan,nan,nan,nan,nan,nan,nan,nan
nan,nan,nan,nan,nan,nan,nan,nan,nan,nan,nan
nan,nan,nan,nan,nan,nan,nan,nan,nan,nan,nan
nan,nan,nan,nan,nan,nan,nan,nan,nan,nan,nan
nan,nan,nan,nan,nan,nan,nan,nan,nan,nan,nan
nan,nan,nan,nan,nan,nan,nan,nan,nan,nan,nan
nan,nan,nan,nan,nan,nan,nan,nan,nan,nan,nan
nan,nan,nan,nan,nan,nan,nan,nan,nan,nan,nan
nan,nan,nan,nan,nan,nan,nan,nan,nan,nan,nan
nan,nan,nan,nan,nan,nan,nan,nan,nan,nan,nan
nan,nan,nan,nan,nan,nan,nan,nan,nan,nan,nan
nan,nan,nan,nan,nan,nan,nan,nan,nan,nan,nan
nan,nan,nan,nan,nan,nan,nan,nan,nan,nan,nan
nan,nan,nan,nan,nan,nan,nan,nan,nan,nan,nan
nan,nan,nan,nan,nan,nan,nan,nan,nan,nan,nan
nan,nan,nan,nan,nan,nan,nan,nan,nan,nan,nan
nan,nan,nan,nan,nan,nan,nan,nan,nan,nan,nan
nan,nan,nan,nan,nan,nan,nan,nan,nan,nan,nan
nan,nan,nan,nan,nan,nan,nan,nan,nan,nan,nan
nan,nan,nan,nan,nan,nan,nan,nan,nan,nan,nan
nan,nan,nan,nan,nan,nan,nan,nan,nan,nan,nan
nan,nan,nan,nan,nan,nan,nan,nan,nan,nan,nan
nan,nan,nan,nan,nan,nan,nan,nan,nan,nan,nan
nan,nan,nan,nan,nan,nan,nan,nan,nan,nan,nan
nan,nan,nan,nan,nan,nan,nan,nan,nan,nan,nan
nan,nan,nan,nan,nan,nan,nan,nan,nan,nan,nan
nan,nan,nan,nan,nan,nan,nan,nan,nan,nan,nan
nan,nan,nan,nan,nan,nan,nan,nan,nan,nan,nan
nan,nan,nan,nan,nan,nan,nan,nan,nan,nan,nan
nan,nan,nan,nan,nan,nan,nan,nan,nan,nan,nan
nan,nan,nan,nan,nan,nan,nan,nan,nan,nan,nan
nan,nan,nan,nan,nan,nan,nan,nan,nan,nan,nan
nan,nan,nan,nan,nan,nan,nan,nan,nan,nan,nan
nan,nan,nan,nan,nan,nan,nan,nan,nan,nan,nan
nan,nan,nan,nan,nan,nan,nan,nan,nan,nan,nan
nan,nan,nan,nan,nan,nan,nan,nan,nan,nan,nan
nan,nan,nan,nan,nan,nan,nan,nan,nan,nan,nan
nan,nan,nan,nan,nan,nan,nan,nan,nan,nan,nan
nan,nan,nan,nan,nan,nan,nan,nan,nan,nan,nan
nan,nan,nan,nan,nan,nan,nan,nan,nan,nan,nan
nan,nan,nan,nan,nan,nan,nan,nan,nan,nan,nan
nan,nan,nan,nan,nan,nan,nan,nan,nan,nan,nan
nan,nan,nan,nan,nan,nan,nan,nan,nan,nan,nan
nan,nan,nan,nan,nan,nan,nan,nan,nan,nan,nan
nan,nan,nan,nan,nan,nan,nan,nan,nan,nan,nan
nan,nan,nan,nan,nan,nan,nan,nan,nan,nan,nan
nan,nan,nan,nan,nan,nan,nan,nan,nan,nan,nan
nan,nan,nan,nan,nan,nan,nan,nan,nan,nan,nan
nan,nan,nan,nan,nan,nan,nan,nan,nan,nan,nan
nan,nan,nan,nan,nan,nan,nan,nan,nan,nan,nan
nan,nan,nan,nan,nan,nan,nan,nan,nan,nan,nan
nan,nan,nan,nan,nan,nan,nan,nan,nan,nan,nan
nan,nan,nan,nan,nan,nan,nan,nan,nan,nan,nan
nan,nan,nan,nan,nan,nan,nan,nan,nan,nan,nan
nan,nan,nan,nan,nan,nan,nan,nan,nan,nan,nan
nan,nan,nan,nan,nan,nan,nan,nan,nan,nan,nan
nan,nan,nan,nan,nan,nan,nan,nan,nan,nan,nan
nan,nan,nan,nan,nan,nan,nan,nan,nan,nan,nan
nan,nan,nan,nan,nan,nan,nan,nan,nan,nan,nan
nan,nan,nan,nan,nan,nan,nan,nan,nan,nan,nan
nan,nan,nan,nan,nan,nan,nan,nan,nan,nan,nan
nan,nan,nan,nan,nan,nan,nan,nan,nan,nan,nan
nan,nan,nan,nan,nan,nan,nan,nan,nan,nan,nan
nan,nan,nan,nan,nan,nan,nan,nan,nan,nan,nan
nan,nan,nan,nan,nan,nan,nan,nan,nan,nan,nan
nan,nan,nan,nan,nan,nan,nan,nan,nan,nan,nan
nan,nan,nan,nan,nan,nan,nan,nan,nan,nan,nan
nan,nan,nan,nan,nan,nan,nan,nan,nan,nan,nan
nan,nan,nan,nan,nan,nan,nan,nan,nan,nan,nan
nan,nan,nan,nan,nan,nan,nan,nan,nan,nan,nan
nan,nan,nan,nan,nan,nan,nan,nan,nan,nan,nan
nan,nan,nan,nan,nan,nan,nan,nan,nan,nan,nan
nan,nan,nan,nan,nan,nan,nan,nan,nan,nan,nan
nan,nan,nan,nan,nan,nan,nan,nan,nan,nan,nan
nan,nan,nan,nan,nan,nan,nan,nan,nan,nan,nan
nan,nan,nan,nan,nan,nan,nan,nan,nan,nan,nan
nan,nan,nan,nan,nan,nan,nan,nan,nan,nan,nan
nan,nan,nan,nan,nan,nan,nan,nan,nan,nan,nan
nan,nan,nan,nan,nan,nan,nan,nan,nan,nan,nan
nan,nan,nan,nan,nan,nan,nan,nan,nan,nan,nan
nan,nan,nan,nan,nan,nan,nan,nan,nan,nan,nan
nan,nan,nan,nan,nan,nan,nan,nan,nan,nan,nan
nan,nan,nan,nan,nan,nan,nan,nan,nan,nan,nan
nan,nan,nan,nan,nan,nan,nan,nan,nan,nan,nan
nan,nan,nan,nan,nan,nan,nan,nan,nan,nan,nan
nan,nan,nan,nan,nan,nan,nan,nan,nan,nan,nan
nan,nan,nan,nan,nan,nan,nan,nan,nan,nan,nan
nan,nan,nan,nan,nan,nan,nan,nan,nan,nan,nan
nan,nan,nan,nan,nan,nan,nan,nan,nan,nan,nan
nan,nan,nan,nan,nan,nan,nan,nan,nan,nan,nan
nan,nan,nan,nan,nan,nan,nan,nan,nan,nan,nan
nan,nan,nan,nan,nan,nan,nan,nan,nan,nan,nan
nan,nan,nan,nan,nan,nan,nan,nan,nan,nan,nan
nan,nan,nan,nan,nan,nan,nan,nan,nan,nan,nan
nan,nan,nan,nan,nan,nan,nan,nan,nan,nan,nan
nan,nan,nan,nan,nan,nan,nan,nan,nan,nan,nan
nan,nan,nan,nan,nan,nan,nan,nan,nan,nan,nan
nan,nan,nan,nan,nan,nan,nan,nan,nan,nan,nan
nan,nan,nan,nan,nan,nan,nan,nan,nan,nan,nan
nan,nan,nan,nan,nan,nan,nan,nan,nan,nan,nan
nan,nan,nan,nan,nan,nan,nan,nan,nan,nan,nan
nan,nan,nan,nan,nan,nan,nan,nan,nan,nan,nan
nan,nan,nan,nan,nan,nan,nan,nan,nan,nan,nan
nan,nan,nan,nan,nan,nan,nan,nan,nan,nan,nan
nan,nan,nan,nan,nan,nan,nan,nan,nan,nan,nan
nan,nan,nan,nan,nan,nan,nan,nan,nan,nan,nan
nan,nan,nan,nan,nan,nan,nan,nan,nan,nan,nan
nan,nan,nan,nan,nan,nan,nan,nan,nan,nan,nan
nan,nan,nan,nan,nan,nan,nan,nan,nan,nan,nan
nan,nan,nan,nan,nan,nan,nan,nan,nan,nan,nan
nan,nan,nan,nan,nan,nan,nan,nan,nan,nan,nan
nan,nan,nan,nan,nan,nan,nan,nan,nan,nan,nan
nan,nan,nan,nan,nan,nan,nan,nan,nan,nan,nan
nan,nan,nan,nan,nan,nan,nan,nan,nan,nan,nan
nan,nan,nan,nan,nan,nan,nan,nan,nan,nan,nan
nan,nan,nan,nan,nan,nan,nan,nan,nan,nan,nan
nan,nan,nan,nan,nan,nan,nan,nan,nan,nan,nan
nan,nan,nan,nan,nan,nan,nan,nan,nan,nan,nan
nan,nan,nan,nan,nan,nan,nan,nan,nan,nan,nan
nan,nan,nan,nan,nan,nan,nan,nan,nan,nan,nan
nan,nan,nan,nan,nan,nan,nan,nan,nan,nan,nan
nan,nan,nan,nan,nan,nan,nan,nan,nan,nan,nan
nan,nan,nan,nan,nan,nan,nan,nan,nan,nan,nan
nan,nan,nan,nan,nan,nan,nan,nan,nan,nan,nan
nan,nan,nan,nan,nan,nan,nan,nan,nan,nan,nan
nan,nan,nan,nan,nan,nan,nan,nan,nan,nan,nan
nan,nan,nan,nan,nan,nan,nan,nan,nan,nan,nan
nan,nan,nan,nan,nan,nan,nan,nan,nan,nan,nan
nan,nan,nan,nan,nan,nan,nan,nan,nan,nan,nan
nan,nan,nan,nan,nan,nan,nan,nan,nan,nan,nan
nan,nan,nan,nan,nan,nan,nan,nan,nan,nan,nan
nan,nan,nan,nan,nan,nan,nan,nan,nan,nan,nan
nan,nan,nan,nan,nan,nan,nan,nan,nan,nan,nan
nan,nan,nan,nan,nan,nan,nan,nan,nan,nan,nan
nan,nan,nan,nan,nan,nan,nan,nan,nan,nan,nan
nan,nan,nan,nan,nan,nan,nan,nan,nan,nan,nan
nan,nan,nan,nan,nan,nan,nan,nan,nan,nan,nan
nan,nan,nan,nan,nan,nan,nan,nan,nan,nan,nan
nan,nan,nan,nan,nan,nan,nan,nan,nan,nan,nan
nan,nan,nan,nan,nan,nan,nan,nan,nan,nan,nan
nan,nan,nan,nan,nan,nan,nan,nan,nan,nan,nan
nan,nan,nan,nan,nan,nan,nan,nan,nan,nan,nan
nan,nan,nan,nan,nan,nan,nan,nan,nan,nan,nan
nan,nan,nan,nan,nan,nan,nan,nan,nan,nan,nan
nan,nan,nan,nan,nan,nan,nan,nan,nan,nan,nan
nan,nan,nan,nan,nan,nan,nan,nan,nan,nan,nan
nan,nan,nan,nan,nan,nan,nan,nan,nan,nan,nan
nan,nan,nan,nan,nan,nan,nan,nan,nan,nan,nan
nan,nan,nan,nan,nan,nan,nan,nan,nan,nan,nan
nan,nan,nan,nan,nan,nan,nan,nan,nan,nan,nan
nan,nan,nan,nan,nan,nan,nan,nan,nan,nan,nan
nan,nan,nan,nan,nan,nan,nan,nan,nan,nan,nan
nan,nan,nan,nan,nan,nan,nan,nan,nan,nan,nan
nan,nan,nan,nan,nan,nan,nan,nan,nan,nan,nan
nan,nan,nan,nan,nan,nan,nan,nan,nan,nan,nan
nan,nan,nan,nan,nan,nan,nan,nan,nan,nan,nan
nan,nan,nan,nan,nan,nan,nan,nan,nan,nan,nan
nan,nan,nan,nan,nan,nan,nan,nan,nan,nan,nan
nan,nan,nan,nan,nan,nan,nan,nan,nan,nan,nan
nan,nan,nan,nan,nan,nan,nan,nan,nan,nan,nan
nan,nan,nan,nan,nan,nan,nan,nan,nan,nan,nan
nan,nan,nan,nan,nan,nan,nan,nan,nan,nan,nan
nan,nan,nan,nan,nan,nan,nan,nan,nan,nan,nan
nan,nan,nan,nan,nan,nan,nan,nan,nan,nan,nan
nan,nan,nan,nan,nan,nan,nan,nan,nan,nan,nan
nan,nan,nan,nan,nan,nan,nan,nan,nan,nan,nan
nan,nan,nan,nan,nan,nan,nan,nan,nan,nan,nan
nan,nan,nan,nan,nan,nan,nan,nan,nan,nan,nan
nan,nan,nan,nan,nan,nan,nan,nan,nan,nan,nan
nan,nan,nan,nan,nan,nan,nan,nan,nan,nan,nan
nan,nan,nan,nan,nan,nan,nan,nan,nan,nan,nan
nan,nan,nan,nan,nan,nan,nan,nan,nan,nan,nan
nan,nan,nan,nan,nan,nan,nan,nan,nan,nan,nan
nan,nan,nan,nan,nan,nan,nan,nan,nan,nan,nan
nan,nan,nan,nan,nan,nan,nan,nan,nan,nan,nan
nan,nan,nan,nan,nan,nan,nan,nan,nan,nan,nan
nan,nan,nan,nan,nan,nan,nan,nan,nan,nan,nan
nan,nan,nan,nan,nan,nan,nan,nan,nan,nan,nan
nan,nan,nan,nan,nan,nan,nan,nan,nan,nan,nan
nan,nan,nan,nan,nan,nan,nan,nan,nan,nan,nan
nan,nan,nan,nan,nan,nan,nan,nan,nan,nan,nan
nan,nan,nan,nan,nan,nan,nan,nan,nan,nan,nan
nan,nan,nan,nan,nan,nan,nan,nan,nan,nan,nan
nan,nan,nan,nan,nan,nan,nan,nan,nan,nan,nan
nan,nan,nan,nan,nan,nan,nan,nan,nan,nan,nan
nan,nan,nan,nan,nan,nan,nan,nan,nan,nan,nan
nan,nan,nan,nan,nan,nan,nan,nan,nan,nan,nan
nan,nan,nan,nan,nan,nan,nan,nan,nan,nan,nan
nan,nan,nan,nan,nan,nan,nan,nan,nan,nan,nan
nan,nan,nan,nan,nan,nan,nan,nan,nan,nan,nan
nan,nan,nan,nan,nan,nan,nan,nan,nan,nan,nan
nan,nan,nan,nan,nan,nan,nan,nan,nan,nan,nan
nan,nan,nan,nan,nan,nan,nan,nan,nan,nan,nan
nan,nan,nan,nan,nan,nan,nan,nan,nan,nan,nan
nan,nan,nan,nan,nan,nan,nan,nan,nan,nan,nan
nan,nan,nan,nan,nan,nan,nan,nan,nan,nan,nan
nan,nan,nan,nan,nan,nan,nan,nan,nan,nan,nan
nan,nan,nan,nan,nan,nan,nan,nan,nan,nan,nan
nan,nan,nan,nan,nan,nan,nan,nan,nan,nan,nan
nan,nan,nan,nan,nan,nan,nan,nan,nan,nan,nan
nan,nan,nan,nan,nan,nan,nan,nan,nan,nan,nan
nan,nan,nan,nan,nan,nan,nan,nan,nan,nan,nan
nan,nan,nan,nan,nan,nan,nan,nan,nan,nan,nan
nan,nan,nan,nan,nan,nan,nan,nan,nan,nan,nan
nan,nan,nan,nan,nan,nan,nan,nan,nan,nan,nan
nan,nan,nan,nan,nan,nan,nan,nan,nan,nan,nan
nan,nan,nan,nan,nan,nan,nan,nan,nan,nan,nan
nan,nan,nan,nan,nan,nan,nan,nan,nan,nan,nan
nan,nan,nan,nan,nan,nan,nan,nan,nan,nan,nan
nan,nan,nan,nan,nan,nan,nan,nan,nan,nan,nan
nan,nan,nan,nan,nan,nan,nan,nan,nan,nan,nan
nan,nan,nan,nan,nan,nan,nan,nan,nan,nan,nan
nan,nan,nan,nan,nan,nan,nan,nan,nan,nan,nan
nan,nan,nan,nan,nan,nan,nan,nan,nan,nan,nan
nan,nan,nan,nan,nan,nan,nan,nan,nan,nan,nan
nan,nan,nan,nan,nan,nan,nan,nan,nan,nan,nan
nan,nan,nan,nan,nan,nan,nan,nan,nan,nan,nan
nan,nan,nan,nan,nan,nan,nan,nan,nan,nan,nan
nan,nan,nan,nan,nan,nan,nan,nan,nan,nan,nan
nan,nan,nan,nan,nan,nan,nan,nan,nan,nan,nan
nan,nan,nan,nan,nan,nan,nan,nan,nan,nan,nan
nan,nan,nan,nan,nan,nan,nan,nan,nan,nan,nan
nan,nan,nan,nan,nan,nan,nan,nan,nan,nan,nan
nan,nan,nan,nan,nan,nan,nan,nan,nan,nan,nan
nan,nan,nan,nan,nan,nan,nan,nan,nan,nan,nan
nan,nan,nan,nan,nan,nan,nan,nan,nan,nan,nan
nan,nan,nan,nan,nan,nan,nan,nan,nan,nan,nan
nan,nan,nan,nan,nan,nan,nan,nan,nan,nan,nan
nan,nan,nan,nan,nan,nan,nan,nan,nan,nan,nan
nan,nan,nan,nan,nan,nan,nan,nan,nan,nan,nan
nan,nan,nan,nan,nan,nan,nan,nan,nan,nan,nan
nan,nan,nan,nan,nan,nan,nan,nan,nan,nan,nan
nan,nan,nan,nan,nan,nan,nan,nan,nan,nan,nan
nan,nan,nan,nan,nan,nan,nan,nan,nan,nan,nan
nan,nan,nan,nan,nan,nan,nan,nan,nan,nan,nan
nan,nan,nan,nan,nan,nan,nan,nan,nan,nan,nan
nan,nan,nan,nan,nan,nan,nan,nan,nan,nan,nan
nan,nan,nan,nan,nan,nan,nan,nan,nan,nan,nan
nan,nan,nan,nan,nan,nan,nan,nan,nan,nan,nan
nan,nan,nan,nan,nan,nan,nan,nan,nan,nan,nan
nan,nan,nan,nan,nan,nan,nan,nan,nan,nan,nan
nan,nan,nan,nan,nan,nan,nan,nan,nan,nan,nan
nan,nan,nan,nan,nan,nan,nan,nan,nan,nan,nan
nan,nan,nan,nan,nan,nan,nan,nan,nan,nan,nan
nan,nan,nan,nan,nan,nan,nan,nan,nan,nan,nan
nan,nan,nan,nan,nan,nan,nan,nan,nan,nan,nan
nan,nan,nan,nan,nan,nan,nan,nan,nan,nan,nan
nan,nan,nan,nan,nan,nan,nan,nan,nan,nan,nan
nan,nan,nan,nan,nan,nan,nan,nan,nan,nan,nan
nan,nan,nan,nan,nan,nan,nan,nan,nan,nan,nan
nan,nan,nan,nan,nan,nan,nan,nan,nan,nan,nan
nan,nan,nan,nan,nan,nan,nan,nan,nan,nan,nan
nan,nan,nan,nan,nan,nan,nan,nan,nan,nan,nan
nan,nan,nan,nan,nan,nan,nan,nan,nan,nan,nan
nan,nan,nan,nan,nan,nan,nan,nan,nan,nan,nan
nan,nan,nan,nan,nan,nan,nan,nan,nan,nan,nan
nan,nan,nan,nan,nan,nan,nan,nan,nan,nan,nan
nan,nan,nan,nan,nan,nan,nan,nan,nan,nan,nan
nan,nan,nan,nan,nan,nan,nan,nan,nan,nan,nan
nan,nan,nan,nan,nan,nan,nan,nan,nan,nan,nan
nan,nan,nan,nan,nan,nan,nan,nan,nan,nan,nan
nan,nan,nan,nan,nan,nan,nan,nan,nan,nan,nan
nan,nan,nan,nan,nan,nan,nan,nan,nan,nan,nan
nan,nan,nan,nan,nan,nan,nan,nan,nan,nan,nan
nan,nan,nan,nan,nan,nan,nan,nan,nan,nan,nan
nan,nan,nan,nan,nan,nan,nan,nan,nan,nan,nan
nan,nan,nan,nan,nan,nan,nan,nan,nan,nan,nan
nan,nan,nan,nan,nan,nan,nan,nan,nan,nan,nan
nan,nan,nan,nan,nan,nan,nan,nan,nan,nan,nan
nan,nan,nan,nan,nan,nan,nan,nan,nan,nan,nan
nan,nan,nan,nan,nan,nan,nan,nan,nan,nan,nan
nan,nan,nan,nan,nan,nan,nan,nan,nan,nan,nan
nan,nan,nan,nan,nan,nan,nan,nan,nan,nan,nan
nan,nan,nan,nan,nan,nan,nan,nan,nan,nan,nan
nan,nan,nan,nan,nan,nan,nan,nan,nan,nan,nan
nan,nan,nan,nan,nan,nan,nan,nan,nan,nan,nan
nan,nan,nan,nan,nan,nan,nan,nan,nan,nan,nan
nan,nan,nan,nan,nan,nan,nan,nan,nan,nan,nan
nan,nan,nan,nan,nan,nan,nan,nan,nan,nan,nan
nan,nan,nan,nan,nan,nan,nan,nan,nan,nan,nan
nan,nan,nan,nan,nan,nan,nan,nan,nan,nan,nan
nan,nan,nan,nan,nan,nan,nan,nan,nan,nan,nan
nan,nan,nan,nan,nan,nan,nan,nan,nan,nan,nan
nan,nan,nan,nan,nan,nan,nan,nan,nan,nan,nan
nan,nan,nan,nan,nan,nan,nan,nan,nan,nan,nan
nan,nan,nan,nan,nan,nan,nan,nan,nan,nan,nan
nan,nan,nan,nan,nan,nan,nan,nan,nan,nan,nan
nan,nan,nan,nan,nan,nan,nan,nan,nan,nan,nan
nan,nan,nan,nan,nan,nan,nan,nan,nan,nan,nan
nan,nan,nan,nan,nan,nan,nan,nan,nan,nan,nan
nan,nan,nan,nan,nan,nan,nan,nan,nan,nan,nan
nan,nan,nan,nan,nan,nan,nan,nan,nan,nan,nan
nan,nan,nan,nan,nan,nan,nan,nan,nan,nan,nan
nan,nan,nan,nan,nan,nan,nan,nan,nan,nan,nan
nan,nan,nan,nan,nan,nan,nan,nan,nan,nan,nan
nan,nan,nan,nan,nan,nan,nan,nan,nan,nan,nan
nan,nan,nan,nan,nan,nan,nan,nan,nan,nan,nan
nan,nan,nan,nan,nan,nan,nan,nan,nan,nan,nan
nan,nan,nan,nan,nan,nan,nan,nan,nan,nan,nan
nan,nan,nan,nan,nan,nan,nan,nan,nan,nan,nan
nan,nan,nan,nan,nan,nan,nan,nan,nan,nan,nan
nan,nan,nan,nan,nan,nan,nan,nan,nan,nan,nan
nan,nan,nan,nan,nan,nan,nan,nan,nan,nan,nan
nan,nan,nan,nan,nan,nan,nan,nan,nan,nan,nan
nan,nan,nan,nan,nan,nan,nan,nan,nan,nan,nan
nan,nan,nan,nan,nan,nan,nan,nan,nan,nan,nan
nan,nan,nan,nan,nan,nan,nan,nan,nan,nan,nan
nan,nan,nan,nan,nan,nan,nan,nan,nan,nan,nan
nan,nan,nan,nan,nan,nan,nan,nan,nan,nan,nan
nan,nan,nan,nan,nan,nan,nan,nan,nan,nan,nan
nan,nan,nan,nan,nan,nan,nan,nan,nan,nan,nan
nan,nan,nan,nan,nan,nan,nan,nan,nan,nan,nan
nan,nan,nan,nan,nan,nan,nan,nan,nan,nan,nan
nan,nan,nan,nan,nan,nan,nan,nan,nan,nan,nan
nan,nan,nan,nan,nan,nan,nan,nan,nan,nan,nan
nan,nan,nan,nan,nan,nan,nan,nan,nan,nan,nan
nan,nan,nan,nan,nan,nan,nan,nan,nan,nan,nan
nan,nan,nan,nan,nan,nan,nan,nan,nan,nan,nan
nan,nan,nan,nan,nan,nan,nan,nan,nan,nan,nan
nan,nan,nan,nan,nan,nan,nan,nan,nan,nan,nan
nan,nan,nan,nan,nan,nan,nan,nan,nan,nan,nan
nan,nan,nan,nan,nan,nan,nan,nan,nan,nan,nan
nan,nan,nan,nan,nan,nan,nan,nan,nan,nan,nan
nan,nan,nan,nan,nan,nan,nan,nan,nan,nan,nan
nan,nan,nan,nan,nan,nan,nan,nan,nan,nan,nan
nan,nan,nan,nan,nan,nan,nan,nan,nan,nan,nan
nan,nan,nan,nan,nan,nan,nan,nan,nan,nan,nan
nan,nan,nan,nan,nan,nan,nan,nan,nan,nan,nan
nan,nan,nan,nan,nan,nan,nan,nan,nan,nan,nan
nan,nan,nan,nan,nan,nan,nan,nan,nan,nan,nan
nan,nan,nan,nan,nan,nan,nan,nan,nan,nan,nan
nan,nan,nan,nan,nan,nan,nan,nan,nan,nan,nan
nan,nan,nan,nan,nan,nan,nan,nan,nan,nan,nan
nan,nan,nan,nan,nan,nan,nan,nan,nan,nan,nan
nan,nan,nan,nan,nan,nan,nan,nan,nan,nan,nan
nan,nan,nan,nan,nan,nan,nan,nan,nan,nan,nan
nan,nan,nan,nan,nan,nan,nan,nan,nan,nan,nan
nan,nan,nan,nan,nan,nan,nan,nan,nan,nan,nan
nan,nan,nan,nan,nan,nan,nan,nan,nan,nan,nan
nan,nan,nan,nan,nan,nan,nan,nan,nan,nan,nan
nan,nan,nan,nan,nan,nan,nan,nan,nan,nan,nan
nan,nan,nan,nan,nan,nan,nan,nan,nan,nan,nan
nan,nan,nan,nan,nan,nan,nan,nan,nan,nan,nan
nan,nan,nan,nan,nan,nan,nan,nan,nan,nan,nan
nan,nan,nan,nan,nan,nan,nan,nan,nan,nan,nan
nan,nan,nan,nan,nan,nan,nan,nan,nan,nan,nan
nan,nan,nan,nan,nan,nan,nan,nan,nan,nan,nan
nan,nan,nan,nan,nan,nan,nan,nan,nan,nan,nan
nan,nan,nan,nan,nan,nan,nan,nan,nan,nan,nan
nan,nan,nan,nan,nan,nan,nan,nan,nan,nan,nan
nan,nan,nan,nan,nan,nan,nan,nan,nan,nan,nan
nan,nan,nan,nan,nan,nan,nan,nan,nan,nan,nan
nan,nan,nan,nan,nan,nan,nan,nan,nan,nan,nan
nan,nan,nan,nan,nan,nan,nan,nan,nan,nan,nan
nan,nan,nan,nan,nan,nan,nan,nan,nan,nan,nan
nan,nan,nan,nan,nan,nan,nan,nan,nan,nan,nan
nan,nan,nan,nan,nan,nan,nan,nan,nan,nan,nan
nan,nan,nan,nan,nan,nan,nan,nan,nan,nan,nan
nan,nan,nan,nan,nan,nan,nan,nan,nan,nan,nan
nan,nan,nan,nan,nan,nan,nan,nan,nan,nan,nan
nan,nan,nan,nan,nan,nan,nan,nan,nan,nan,nan
nan,nan,nan,nan,nan,nan,nan,nan,nan,nan,nan
nan,nan,nan,nan,nan,nan,nan,nan,nan,nan,nan
nan,nan,nan,nan,nan,nan,nan,nan,nan,nan,nan
nan,nan,nan,nan,nan,nan,nan,nan,nan,nan,nan
nan,nan,nan,nan,nan,nan,nan,nan,nan,nan,nan
nan,nan,nan,nan,nan,nan,nan,nan,nan,nan,nan
nan,nan,nan,nan,nan,nan,nan,nan,nan,nan,nan
nan,nan,nan,nan,nan,nan,nan,nan,nan,nan,nan
nan,nan,nan,nan,nan,nan,nan,nan,nan,nan,nan
nan,nan,nan,nan,nan,nan,nan,nan,nan,nan,nan
nan,nan,nan,nan,nan,nan,nan,nan,nan,nan,nan
nan,nan,nan,nan,nan,nan,nan,nan,nan,nan,nan
nan,nan,nan,nan,nan,nan,nan,nan,nan,nan,nan
nan,nan,nan,nan,nan,nan,nan,nan,nan,nan,nan
nan,nan,nan,nan,nan,nan,nan,nan,nan,nan,nan
nan,nan,nan,nan,nan,nan,nan,nan,nan,nan,nan
nan,nan,nan,nan,nan,nan,nan,nan,nan,nan,nan
nan,nan,nan,nan,nan,nan,nan,nan,nan,nan,nan
nan,nan,nan,nan,nan,nan,nan,nan,nan,nan,nan
nan,nan,nan,nan,nan,nan,nan,nan,nan,nan,nan
nan,nan,nan,nan,nan,nan,nan,nan,nan,nan,nan
nan,nan,nan,nan,nan,nan,nan,nan,nan,nan,nan
nan,nan,nan,nan,nan,nan,nan,nan,nan,nan,nan
nan,nan,nan,nan,nan,nan,nan,nan,nan,nan,nan
nan,nan,nan,nan,nan,nan,nan,nan,nan,nan,nan
nan,nan,nan,nan,nan,nan,nan,nan,nan,nan,nan
nan,nan,nan,nan,nan,nan,nan,nan,nan,nan,nan
nan,nan,nan,nan,nan,nan,nan,nan,nan,nan,nan
nan,nan,nan,nan,nan,nan,nan,nan,nan,nan,nan
nan,nan,nan,nan,nan,nan,nan,nan,nan,nan,nan
nan,nan,nan,nan,nan,nan,nan,nan,nan,nan,nan
nan,nan,nan,nan,nan,nan,nan,nan,nan,nan,nan
nan,nan,nan,nan,nan,nan,nan,nan,nan,nan,nan
nan,nan,nan,nan,nan,nan,nan,nan,nan,nan,nan
nan,nan,nan,nan,nan,nan,nan,nan,nan,nan,nan
nan,nan,nan,nan,nan,nan,nan,nan,nan,nan,nan
nan,nan,nan,nan,nan,nan,nan,nan,nan,nan,nan
nan,nan,nan,nan,nan,nan,nan,nan,nan,nan,nan
nan,nan,nan,nan,nan,nan,nan,nan,nan,nan,nan
nan,nan,nan,nan,nan,nan,nan,nan,nan,nan,nan
nan,nan,nan,nan,nan,nan,nan,nan,nan,nan,nan
nan,nan,nan,nan,nan,nan,nan,nan,nan,nan,nan
nan,nan,nan,nan,nan,nan,nan,nan,nan,nan,nan
nan,nan,nan,nan,nan,nan,nan,nan,nan,nan,nan
nan,nan,nan,nan,nan,nan,nan,nan,nan,nan,nan
nan,nan,nan,nan,nan,nan,nan,nan,nan,nan,nan
nan,nan,nan,nan,nan,nan,nan,nan,nan,nan,nan
nan,nan,nan,nan,nan,nan,nan,nan,nan,nan,nan
nan,nan,nan,nan,nan,nan,nan,nan,nan,nan,nan
nan,nan,nan,nan,nan,nan,nan,nan,nan,nan,nan
nan,nan,nan,nan,nan,nan,nan,nan,nan,nan,nan
nan,nan,nan,nan,nan,nan,nan,nan,nan,nan,nan
nan,nan,nan,nan,nan,nan,nan,nan,nan,nan,nan
nan,nan,nan,nan,nan,nan,nan,nan,nan,nan,nan
nan,nan,nan,nan,nan,nan,nan,nan,nan,nan,nan
nan,nan,nan,nan,nan,nan,nan,nan,nan,nan,nan
nan,nan,nan,nan,nan,nan,nan,nan,nan,nan,nan
nan,nan,nan,nan,nan,nan,nan,nan,nan,nan,nan
nan,nan,nan,nan,nan,nan,nan,nan,nan,nan,nan
nan,nan,nan,nan,nan,nan,nan,nan,nan,nan,nan
nan,nan,nan,nan,nan,nan,nan,nan,nan,nan,nan
nan,nan,nan,nan,nan,nan,nan,nan,nan,nan,nan
nan,nan,nan,nan,nan,nan,nan,nan,nan,nan,nan
nan,nan,nan,nan,nan,nan,nan,nan,nan,nan,nan
nan,nan,nan,nan,nan,nan,nan,nan,nan,nan,nan
nan,nan,nan,nan,nan,nan,nan,nan,nan,nan,nan
nan,nan,nan,nan,nan,nan,nan,nan,nan,nan,nan
nan,nan,nan,nan,nan,nan,nan,nan,nan,nan,nan
nan,nan,nan,nan,nan,nan,nan,nan,nan,nan,nan
nan,nan,nan,nan,nan,nan,nan,nan,nan,nan,nan
nan,nan,nan,nan,nan,nan,nan,nan,nan,nan,nan
nan,nan,nan,nan,nan,nan,nan,nan,nan,nan,nan
nan,nan,nan,nan,nan,nan,nan,nan,nan,nan,nan
nan,nan,nan,nan,nan,nan,nan,nan,nan,nan,nan
nan,nan,nan,nan,nan,nan,nan,nan,nan,nan,nan
nan,nan,nan,nan,nan,nan,nan,nan,nan,nan,nan
nan,nan,nan,nan,nan,nan,nan,nan,nan,nan,nan
nan,nan,nan,nan,nan,nan,nan,nan,nan,nan,nan
nan,nan,nan,nan,nan,nan,nan,nan,nan,nan,nan
nan,nan,nan,nan,nan,nan,nan,nan,nan,nan,nan
nan,nan,nan,nan,nan,nan,nan,nan,nan,nan,nan
nan,nan,nan,nan,nan,nan,nan,nan,nan,nan,nan
nan,nan,nan,nan,nan,nan,nan,nan,nan,nan,nan
nan,nan,nan,nan,nan,nan,nan,nan,nan,nan,nan
nan,nan,nan,nan,nan,nan,nan,nan,nan,nan,nan
nan,nan,nan,nan,nan,nan,nan,nan,nan,nan,nan
nan,nan,nan,nan,nan,nan,nan,nan,nan,nan,nan
nan,nan,nan,nan,nan,nan,nan,nan,nan,nan,nan
nan,nan,nan,nan,nan,nan,nan,nan,nan,nan,nan
nan,nan,nan,nan,nan,nan,nan,nan,nan,nan,nan
nan,nan,nan,nan,nan,nan,nan,nan,nan,nan,nan
nan,nan,nan,nan,nan,nan,nan,nan,nan,nan,nan
nan,nan,nan,nan,nan,nan,nan,nan,nan,nan,nan
nan,nan,nan,nan,nan,nan,nan,nan,nan,nan,nan
nan,nan,nan,nan,nan,nan,nan,nan,nan,nan,nan
nan,nan,nan,nan,nan,nan,nan,nan,nan,nan,nan
nan,nan,nan,nan,nan,nan,nan,nan,nan,nan,nan
nan,nan,nan,nan,nan,nan,nan,nan,nan,nan,nan
nan,nan,nan,nan,nan,nan,nan,nan,nan,nan,nan
nan,nan,nan,nan,nan,nan,nan,nan,nan,nan,nan
nan,nan,nan,nan,nan,nan,nan,nan,nan,nan,nan
nan,nan,nan,nan,nan,nan,nan,nan,nan,nan,nan
nan,nan,nan,nan,nan,nan,nan,nan,nan,nan,nan
nan,nan,nan,nan,nan,nan,nan,nan,nan,nan,nan
nan,nan,nan,nan,nan,nan,nan,nan,nan,nan,nan
nan,nan,nan,nan,nan,nan,nan,nan,nan,nan,nan
nan,nan,nan,nan,nan,nan,nan,nan,nan,nan,nan
nan,nan,nan,nan,nan,nan,nan,nan,nan,nan,nan
nan,nan,nan,nan,nan,nan,nan,nan,nan,nan,nan
nan,nan,nan,nan,nan,nan,nan,nan,nan,nan,nan
nan,nan,nan,nan,nan,nan,nan,nan,nan,nan,nan
nan,nan,nan,nan,nan,nan,nan,nan,nan,nan,nan
nan,nan,nan,nan,nan,nan,nan,nan,nan,nan,nan
nan,nan,nan,nan,nan,nan,nan,nan,nan,nan,nan
nan,nan,nan,nan,nan,nan,nan,nan,nan,nan,nan
nan,nan,nan,nan,nan,nan,nan,nan,nan,nan,nan
nan,nan,nan,nan,nan,nan,nan,nan,nan,nan,nan
nan,nan,nan,nan,nan,nan,nan,nan,nan,nan,nan
nan,nan,nan,nan,nan,nan,nan,nan,nan,nan,nan
nan,nan,nan,nan,nan,nan,nan,nan,nan,nan,nan
nan,nan,nan,nan,nan,nan,nan,nan,nan,nan,nan
nan,nan,nan,nan,nan,nan,nan,nan,nan,nan,nan
nan,nan,nan,nan,nan,nan,nan,nan,nan,nan,nan
nan,nan,nan,nan,nan,nan,nan,nan,nan,nan,nan
nan,nan,nan,nan,nan,nan,nan,nan,nan,nan,nan
nan,nan,nan,nan,nan,nan,nan,nan,nan,nan,nan
nan,nan,nan,nan,nan,nan,nan,nan,nan,nan,nan
nan,nan,nan,nan,nan,nan,nan,nan,nan,nan,nan
nan,nan,nan,nan,nan,nan,nan,nan,nan,nan,nan
nan,nan,nan,nan,nan,nan,nan,nan,nan,nan,nan
nan,nan,nan,nan,nan,nan,nan,nan,nan,nan,nan
nan,nan,nan,nan,nan,nan,nan,nan,nan,nan,nan
nan,nan,nan,nan,nan,nan,nan,nan,nan,nan,nan
nan,nan,nan,nan,nan,nan,nan,nan,nan,nan,nan
nan,nan,nan,nan,nan,nan,nan,nan,nan,nan,nan
nan,nan,nan,nan,nan,nan,nan,nan,nan,nan,nan
nan,nan,nan,nan,nan,nan,nan,nan,nan,nan,nan
nan,nan,nan,nan,nan,nan,nan,nan,nan,nan,nan
nan,nan,nan,nan,nan,nan,nan,nan,nan,nan,nan
nan,nan,nan,nan,nan,nan,nan,nan,nan,nan,nan
nan,nan,nan,nan,nan,nan,nan,nan,nan,nan,nan
nan,nan,nan,nan,nan,nan,nan,nan,nan,nan,nan
nan,nan,nan,nan,nan,nan,nan,nan,nan,nan,nan
nan,nan,nan,nan,nan,nan,nan,nan,nan,nan,nan
nan,nan,nan,nan,nan,nan,nan,nan,nan,nan,nan
nan,nan,nan,nan,nan,nan,nan,nan,nan,nan,nan
nan,nan,nan,nan,nan,nan,nan,nan,nan,nan,nan
nan,nan,nan,nan,nan,nan,nan,nan,nan,nan,nan
nan,nan,nan,nan,nan,nan,nan,nan,nan,nan,nan
nan,nan,nan,nan,nan,nan,nan,nan,nan,nan,nan
nan,nan,nan,nan,nan,nan,nan,nan,nan,nan,nan
nan,nan,nan,nan,nan,nan,nan,nan,nan,nan,nan
nan,nan,nan,nan,nan,nan,nan,nan,nan,nan,nan
nan,nan,nan,nan,nan,nan,nan,nan,nan,nan,nan
nan,nan,nan,nan,nan,nan,nan,nan,nan,nan,nan
nan,nan,nan,nan,nan,nan,nan,nan,nan,nan,nan
nan,nan,nan,nan,nan,nan,nan,nan,nan,nan,nan
nan,nan,nan,nan,nan,nan,nan,nan,nan,nan,nan
nan,nan,nan,nan,nan,nan,nan,nan,nan,nan,nan
nan,nan,nan,nan,nan,nan,nan,nan,nan,nan,nan
nan,nan,nan,nan,nan,nan,nan,nan,nan,nan,nan
nan,nan,nan,nan,nan,nan,nan,nan,nan,nan,nan
nan,nan,nan,nan,nan,nan,nan,nan,nan,nan,nan
nan,nan,nan,nan,nan,nan,nan,nan,nan,nan,nan
nan,nan,nan,nan,nan,nan,nan,nan,nan,nan,nan
nan,nan,nan,nan,nan,nan,nan,nan,nan,nan,nan
nan,nan,nan,nan,nan,nan,nan,nan,nan,nan,nan
nan,nan,nan,nan,nan,nan,nan,nan,nan,nan,nan
nan,nan,nan,nan,nan,nan,nan,nan,nan,nan,nan
nan,nan,nan,nan,nan,nan,nan,nan,nan,nan,nan
nan,nan,nan,nan,nan,nan,nan,nan,nan,nan,nan
nan,nan,nan,nan,nan,nan,nan,nan,nan,nan,nan
nan,nan,nan,nan,nan,nan,nan,nan,nan,nan,nan
nan,nan,nan,nan,nan,nan,nan,nan,nan,nan,nan
nan,nan,nan,nan,nan,nan,nan,nan,nan,nan,nan
nan,nan,nan,nan,nan,nan,nan,nan,nan,nan,nan
nan,nan,nan,nan,nan,nan,nan,nan,nan,nan,nan
nan,nan,nan,nan,nan,nan,nan,nan,nan,nan,nan
nan,nan,nan,nan,nan,nan,nan,nan,nan,nan,nan
nan,nan,nan,nan,nan,nan,nan,nan,nan,nan,nan
nan,nan,nan,nan,nan,nan,nan,nan,nan,nan,nan
nan,nan,nan,nan,nan,nan,nan,nan,nan,nan,nan
nan,nan,nan,nan,nan,nan,nan,nan,nan,nan,nan
nan,nan,nan,nan,nan,nan,nan,nan,nan,nan,nan
nan,nan,nan,nan,nan,nan,nan,nan,nan,nan,nan
nan,nan,nan,nan,nan,nan,nan,nan,nan,nan,nan
nan,nan,nan,nan,nan,nan,nan,nan,nan,nan,nan
nan,nan,nan,nan,nan,nan,nan,nan,nan,nan,nan
nan,nan,nan,nan,nan,nan,nan,nan,nan,nan,nan
nan,nan,nan,nan,nan,nan,nan,nan,nan,nan,nan
nan,nan,nan,nan,nan,nan,nan,nan,nan,nan,nan
nan,nan,nan,nan,nan,nan,nan,nan,nan,nan,nan
nan,nan,nan,nan,nan,nan,nan,nan,nan,nan,nan
nan,nan,nan,nan,nan,nan,nan,nan,nan,nan,nan
nan,nan,nan,nan,nan,nan,nan,nan,nan,nan,nan
nan,nan,nan,nan,nan,nan,nan,nan,nan,nan,nan
nan,nan,nan,nan,nan,nan,nan,nan,nan,nan,nan
nan,nan,nan,nan,nan,nan,nan,nan,nan,nan,nan
nan,nan,nan,nan,nan,nan,nan,nan,nan,nan,nan
nan,nan,nan,nan,nan,nan,nan,nan,nan,nan,nan
nan,nan,nan,nan,nan,nan,nan,nan,nan,nan,nan
nan,nan,nan,nan,nan,nan,nan,nan,nan,nan,nan
nan,nan,nan,nan,nan,nan,nan,nan,nan,nan,nan
nan,nan,nan,nan,nan,nan,nan,nan,nan,nan,nan
nan,nan,nan,nan,nan,nan,nan,nan,nan,nan,nan
nan,nan,nan,nan,nan,nan,nan,nan,nan,nan,nan
nan,nan,nan,nan,nan,nan,nan,nan,nan,nan,nan
nan,nan,nan,nan,nan,nan,nan,nan,nan,nan,nan
nan,nan,nan,nan,nan,nan,nan,nan,nan,nan,nan
nan,nan,nan,nan,nan,nan,nan,nan,nan,nan,nan
nan,nan,nan,nan,nan,nan,nan,nan,nan,nan,nan
nan,nan,nan,nan,nan,nan,nan,nan,nan,nan,nan
nan,nan,nan,nan,nan,nan,nan,nan,nan,nan,nan
nan,nan,nan,nan,nan,nan,nan,nan,nan,nan,nan
nan,nan,nan,nan,nan,nan,nan,nan,nan,nan,nan
nan,nan,nan,nan,nan,nan,nan,nan,nan,nan,nan
nan,nan,nan,nan,nan,nan,nan,nan,nan,nan,nan
nan,nan,nan,nan,nan,nan,nan,nan,nan,nan,nan
nan,nan,nan,nan,nan,nan,nan,nan,nan,nan,nan
nan,nan,nan,nan,nan,nan,nan,nan,nan,nan,nan
nan,nan,nan,nan,nan,nan,nan,nan,nan,nan,nan
nan,nan,nan,nan,nan,nan,nan,nan,nan,nan,nan
nan,nan,nan,nan,nan,nan,nan,nan,nan,nan,nan
nan,nan,nan,nan,nan,nan,nan,nan,nan,nan,nan
nan,nan,nan,nan,nan,nan,nan,nan,nan,nan,nan
